100
0 774 141 142 401 20 22 6551 4760 921 4001 1057 34 1193 1839 177 5555 9779 4662 318 63 832 1601 319 1862 200 7243 1101 87 603 988 5611 1646 3311 2546 121 4218
1 257 389 8 9 1294 400 5521 19 148 2964 26 7844 1704 44 1068 9390 46 3375 180 566 188 60 1089 68 199 76 92 2654 4069 229 1386 1899 1008 3449 5372 6142
2 1 260 4358 394 139 9228 7438 15 9619 20 919 2328 4631 26 153 3741 33 3121 312 443 9659 3647 319 1345 4550 9164 76 80 211 728 221 4061 356 230 104 1130 496 5622 761 1018 379 126
3 7810 2948 12 398 531 3222 23 791 284 285 3361 36 425 44 1971 8757 3126 319 960 322 197 1864 72 3533 1485 82 861 4576 1632 98 122 8296 1774 753 1655 9850
4 0 8963 518 777 1932 402 23 280 24 2331 2211 40 9646 180 446 66 67 323 71 583 3145 972 3533 91 5217 1123 237 624 1265 1907 243 629 1018 1659 511
5 0 1035 1298 7190 285 30 291 36 1572 169 45 2608 3250 50 54 58 1980 830 1864 201 74 85 2263 4183 474 6501 3303 4077 8433 1138 753 373 502 6264 1407
6 2 260 2056 778 4876 273 18 20 410 29 4894 674 168 1195 172 181 1080 191 578 5442 67 2760 4044 81 1107 215 605 4448 1248 4584 3185 1137 7674 764 6269 126
7 385 901 4487 1544 904 394 396 141 3344 656 6160 400 788 23 1432 154 2080 291 818 180 312 1216 64 1346 6856 6601 332 1878 3033 1756 96 353 4196 108 239 6261 379
8 1665 771 1413 6 7 5 263 2701 1423 2704 2710 279 24 5401 1818 154 28 283 23 284 162 7971 5290 45 2094 1204 55 4535 319 321 322 1989 2940 1995 204 4175 82 1107 85 342 4055 87 1635 1902 502 2171 3964
9 257 132 1413 5383 907 1936 20 1175 1949 6558 1183 800 547 2214 40 41 428 308 8886 1591 1847 702 64 3012 3911 78 81 1620 85 221 100 2407 246 376 1531
10 1665 7044 4 12 2060 143 1938 2454 663 6424 164 549 2085 424 1832 40 1323 300 5928 47 53 3768 61 319 65 3526 71 1096 74 3916 83 3030 215 3160 7641 598 3415 87 4442 1759 5217 354 99 617 364 109 112 244 1787 1021
11 773 133 10 1020 141 2957 6036 8342 2970 282 2972 290 171 683 4653 1716 54 55 187 4424 3531 1619 9556 468 87 221 94 97 872 232 8564 757 378 4476 895
12 0 3712 2692 645 1672 2568 138 1552 145 1042 20 21 32 40 552 44 300 174 561 4274 51 948 63 321 464 1233 856 218 1114 615 3305 6511 6389 632 3068 765
13 7 2568 12 402 280 3483 412 2850 3110 679 808 296 1587 1081 186 443 323 6212 69 329 971 3916 79 720 1497 92 990 7524 616 2026 496 113 374 888 122
14 2048 3 775 13 14 9723 3098 3867 1439 674 1326 438 694 59 190 1987 4808 76 2894 1620 600 4188 96 481 2660 1380 5479 115 117 503 5115
15 2306 1018 4 263 2194 1045 24 1052 165 295 558 52 55 57 60 1854 7102 452 580 330 843 589 81 1106 601 3420 220 1262 367 6127 244 6645 248 1273 2938 636
16 3841 6279 2313 266 1419 9 18 282 284 1053 33 34 5795 2723 2732 687 1328 303 312 7737 1596 574 4036 325 965 3020 2257 5978 219 863 2915 2925 2159 1008 2802 2428 6398
17 1667 1927 1545 267 1293 3983 20 3352 27 6813 798 5922 2210 36 3366 42 1195 300 311 57 2175 319 71 4936 76 338 3411 210 91 220 2146 9317 8051 4472 255
18 128 1 3970 135 140 141 16 2195 667 1949 30 34 165 564 55 5688 2105 567 60 61 322 70 204 5206 4316 861 348 3938 100 240 117 248 1917
19 0 1 5 6 263 138 5003 140 13 2833 660 1172 150 25 1051 1180 1055 1311 1572 2471 5503 428 174 314 60 574 460 848 83 341 856 737 6883 104 2153 495 3576 1663
20 256 4 518 9096 136 394 12 780 1683 159 160 1823 3875 548 8614 567 62 63 64 7235 195 455 1095 1352 204 4557 3150 5206 9564 224 7908 112 113
21 5 518 2833 1050 2587 6557 163 9253 421 169 49 57 1081 319 65 963 708 197 2630 969 4298 330 207 81 210 9047 88 352 355 233 1902 1393 6132 502 1913 254
22 1671 392 1035 3853 657 5777 1175 284 32 166 167 686 174 309 1091 71 72 202 844 76 1360 339 88 90 8156 606 612 1894 2151 502 375 378 1407
23 258 1922 518 263 8 1290 2186 12 911 657 149 4374 28 158 415 292 293 2469 164 3877 937 174 8244 61 195 71 73 972 974 1870 1239 858 603 98 2916 2151 106 750 112 1393 3704 4478
24 0 129 391 263 1034 653 269 17 151 26 3099 1439 672 1826 300 943 303 2103 5687 573 3393 2884 5452 215 89 220 352 100 1637 1523 634
25 2688 771 6 9 144 17 529 148 25 409 8477 160 175 48 820 319 2760 206 1870 3027 84 87 731 96 2404 122 746 490 237 750 111 371 629 502 3066 123
26 256 3 3844 132 3721 11 16 1809 531 5915 159 1828 38 300 948 2870 184 58 1722 9533 6718 3776 1984 588 80 981 7255 1112 87 354 99 5092 4460 2540 116 628 118 374 372
27 1288 264 136 2323 5909 4246 22 152 1176 26 412 31 162 1062 1704 302 560 52 441 61 9661 4414 3135 66 67 201 203 716 76 737 102 615 113 1021
28 3841 2 130 131 8 268 140 4110 916 289 3234 6318 1975 183 1852 1860 72 75 846 1871 208 472 99 231 377 107 1900 5101 1518 8943 5744 3827 243 8825
29 13 1294 17 6805 923 284 29 286 161 5286 296 1195 1844 2613 54 2357 1976 2491 316 2626 2756 1996 1872 600 217 859 5983 2279 103 109 110 8309 375 892 3582
30 6913 3 5 262 9228 404 23 9240 26 670 31 7584 34 420 9383 174 816 311 186 314 967 328 207 847 83 216 2400 1122 363 1388 497 121 122
31 896 3330 5507 5380 5 130 6 3587 397 143 24 155 416 7332 164 39 1832 3625 170 682 812 43 1838 40 1971 8888 56 7992 319 2499 1488 345 474 89 98 366 372 122 2171
32 0 2304 12 18 21 1302 23 2714 3100 285 159 2975 1313 173 9908 6714 319 1730 4164 5210 223 608 98 3301 488 1647 122 2939
33 388 8452 518 1032 1674 2699 398 17 284 1056 2981 934 2988 5423 50 178 183 57 59 61 319 452 4292 586 78 3289 6502 487 104 504 249 1146
34 130 3 265 9 3598 912 2961 4115 22 26 546 37 1319 6013 173 303 306 52 54 183 313 61 8904 841 5451 206 83 88 217 7646 7519 2404 5619 2552 381 510
35 260 133 9 141 766 3858 2069 279 536 922 156 292 1575 1451 302 53 1077 3526 5069 77 339 4436 467 89 604 3421 92 97 7524 493 2032 112 119 4728 634 8956 7550
36 4871 9 2188 270 5135 910 17 6290 276 22 3739 4380 1310 416 32 553 49 6450 54 1208 59 60 62 5567 8894 2122 331 76 1869 3407 3153 96 1121 362 748 240 1779 1919
37 6659 3977 10 8329 12 138 397 652 22 24 802 38 41 4906 8492 7982 47 52 1588 3901 318 69 1480 2248 2634 76 723 2644 87 221 479 2275 7912 105 1521 503
38 128 4 136 1930 4363 14 4372 2325 22 3351 662 25 538 284 158 4012 174 50 319 7489 90 92 349 476 95 104 3180 1261 382 9855
39 2179 6 135 9 5386 4239 144 916 155 158 675 430 8110 304 178 327 3786 76 591 1233 210 1235 728 216 89 90 1887 228 486 1261 3567 3056 115 245 1785 1659 3070
40 1921 3 4233 1293 1813 5654 153 32 680 681 4013 175 435 308 6581 3131 1213 61 962 4552 1225 844 1231 608 867 100 104 234 235 5363 116
41 6156 270 271 659 404 793 158 2467 812 49 178 563 56 7226 7995 60 61 62 323 1988 324 1991 329 6353 247 352 230 103 113 626 1009 4215 761
42 777 1419 1168 1298 18 6421 3096 29 4893 35 7844 2468 171 1069 309 54 3640 9662 2367 319 69 1990 966 3914 2762 84 1115 5341 2538 7914 620 880 625 112 246 1274
43 6 391 6408 6025 145 22 35 36 2212 1585 56 6336 69 4165 454 201 1097 850 87 89 349 95 607 227 102 5097 2154 4591 7536 1905 112
44 516 646 905 17 151 409 794 3482 1436 162 428 1581 1583 3376 4405 694 181 824 3006 64 578 3266 328 1615 2255 723 2643 2261 83 611 361 240 6647 4860
45 14 15 271 785 274 153 4378 4380 29 1180 543 5923 40 49 952 2618 443 2114 68 970 83 5203 346 2010 608 6246 1383 1900 3700 1653 118 501 3577 124 4863
46 1792 9733 135 2699 1932 142 1174 23 8984 22 8093 39 167 172 9260 2478 7860 64 69 1607 3914 79 210 6996 213 87 6747 97 7778 614 4076 508 502 1403 4220
47 0 1280 515 2312 137 10 4751 144 18 787 405 408 28 157 544 3618 805 550 41 555 812 49 1587 1465 58 3391 66 327 75 76 77 3411 86 5335 87 2662 3693 1783 127
48 2316 16 786 275 24 410 541 35 292 172 45 48 2483 53 1080 318 66 1352 82 87 89 247 7903 1378 2532 357 230 1131 9070 2033 6001 887 2810
49 0 129 903 7563 15 1680 146 157 799 547 5413 3369 4650 819 4021 7350 1718 312 313 3385 61 63 8901 69 2502 712 74 7117 81 981 6231 87 2009 4059 492 5997 242 4471
50 6785 518 136 400 18 531 3478 24 1819 284 285 3358 32 33 422 1319 39 297 295 940 685 172 4019 54 62 1472 450 329 207 208 2383 4048 85 8022 861 94 223 865 1000 105 3437 3054
51 2688 5632 3 261 8 6934 22 24 27 670 288 1057 8736 3749 425 7341 51 1209 8763 3261 958 65 4417 2633 79 4562 851 597 1622 470 1368 856 5466 1626 4698 3550 1376 225 865 2146 887
52 518 135 1935 3599 18 2196 156 32 4258 2097 3897 5054 65 70 199 326 73 201 7757 985 346 220 2913 2530 3555 227 3303 108 365 1526 254
53 2433 1154 3 2 1 540 33 7970 2042 164 41 2734 1969 50 309 2357 185 188 190 703 319 3777 1859 707 464 1745 2777 89 6112 100 232 2170
54 128 8449 131 3973 1029 6 1784 20 2964 5534 414 1824 415 39 2345 6445 557 688 49 9910 182 1721 839 9041 1491 8149 483 751 4338 1266 116 119 4728
55 385 5 6 264 527 1423 277 279 24 4120 30 37 177 5047 3387 60 317 5054 1595 1475 197 76 1487 216 994 102 5736 105 106 6120 1521 9457 116 630 5625 636
56 0 128 258 771 132 389 2317 7054 19 20 2582 6424 922 795 32 7716 38 40 45 5934 691 1464 56 1851 62 64 1862 9798 76 87 2140 2525 476 9445 2918 229 1510 1003 2671 3696 114 252 127
57 262 6 393 12 525 404 24 412 291 3364 295 9640 175 48 184 58 60 8381 704 65 578 708 2512 91 860 100 104 8939 114 254
58 4097 4357 6411 400 17 1816 156 927 933 814 1591 2617 1470 574 68 458 334 3280 1745 339 596 342 1622 856 2904 2136 9055 99 361 3819 6511 2554 125
59 5 5639 650 13 4751 3216 1302 664 25 4387 37 8105 299 300 560 1458 307 563 7032 323 324 6983 842 4176 1233 1109 95 96 104 1641 620 110 114 120 2173 4094 127
60 1408 3 772 141 5271 1432 923 5404 798 670 299 1452 7347 309 1974 571 8893 1086 322 4167 205 7761 84 4693 88 90 91 864 8557 629 120 2425
61 260 9 5134 910 144 1169 147 19 413 2209 2551 49 1330 3249 63 64 68 69 208 336 209 210 857 5596 93 1253 103 491 5611 3440 113 3568 4851 631 3580 509 639
62 2052 5 8 6410 781 23 3224 284 541 801 36 301 46 1585 5683 51 564 9270 3127 311 5312 323 4036 584 1097 979 340 3028 214 2397 95 224 2913 483 8166 1901 3438 3059 245 6013
63 1 1281 1795 902 1287 10 11 658 1303 27 283 29 30 4511 39 167 42 4652 175 564 187 1852 4540 1215 75 8012 76 594 85 100 107 495 367 121 250 8060
64 142 19 660 1180 35 36 37 1062 38 45 431 178 181 53 1976 2491 68 8522 1611 846 3152 219 221 98 5605 361 3948 1008 241 1019
65 8 2060 1166 527 20 1432 409 1691 28 3612 795 32 5667 420 3749 1581 177 694 5434 2248 76 3926 470 857 90 220 478 100 615 109 1522 118 4215
66 2434 262 141 14 15 16 21 920 157 44 175 49 50 3250 3002 3391 3396 69 6217 6089 332 78 81 3411 85 219 603 93 96 100 615 3177 7534 4856 766
67 768 3 1807 23 25 286 2721 801 5028 549 4266 43 42 45 1204 7487 6208 2497 322 64 74 6734 976 2385 3164 611 3428 99 361 2794 2159 368 9457 1013 1272
68 1794 518 135 11 8461 5778 403 1431 280 27 32 680 556 5680 2610 952 1341 67 200 7243 6988 846 344 1884 489 8690 1522 6653 5246
69 2309 645 528 400 6290 1172 8468 3864 282 3866 283 284 30 37 46 2227 2740 566 61 2302 449 72 77 79 80 86 88 1374 100 5223 616 1513 109 113 242 1015 125 766
70 128 1284 5 6 7 392 263 2317 916 157 552 6441 42 300 8626 691 2740 52 61 1086 1089 1474 195 68 4293 66 333 4429 1361 211 220 5863 250 118 759 1784 4602 125 382
71 135 8 5002 5388 270 14 24 1819 798 415 164 2860 434 5171 181 63 575 9665 71 1876 356 103 872 233 247 376
72 3 5 262 6024 778 2317 146 2066 21 8479 288 36 42 49 563 53 2614 58 314 1090 195 67 2887 73 75 208 6224 468 983 3294 7138 358 106 5868 638 4607
73 769 131 7 139 11 4750 18 281 32 1533 546 36 167 45 561 946 1844 951 8632 65 67 4037 6855 6869 88 226 100 495 115 9085
74 384 769 395 8460 18 531 1426 408 28 2335 163 37 40 46 47 50 8889 1468 6211 3140 717 82 4051 855 229 871 1130 492 236 3950 4595 757 249 1150
75 1 3 7813 6 138 10 402 4889 1182 5928 299 43 4786 5171 1083 190 574 450 323 68 3012 74 80 83 6234 603 351 4447 482 354 2150 6887 872 1905 118 379 6396 125
76 4 6 2056 3597 147 21 7318 1306 28 29 2590 165 299 300 2861 184 3007 5064 5455 80 1619 1236 478 95 2025 1003 500 118 247 382
77 902 6 11 12 13 1552 5520 3473 150 280 7196 287 35 2339 1059 2988 7724 49 565 1077 185 60 576 707 200 5194 716 339 211 87 1240 350 4833 227 247 1147
78 898 644 518 263 3850 11 2571 2829 4110 16 2705 148 150 24 410 3996 543 31 3110 5036 1844 57 325 454 70 74 202 76 9549 5715 851 87 8414 483 740 105 7402 111 4342 886
79 2560 1 2 132 1035 5518 142 8846 17 1043 532 279 26 29 2078 927 1060 294 935 4532 181 451 85 8917 88 2008 1388 8816 113 1267 5235 5240 510 127
80 2176 260 5 4 263 778 144 531 921 26 4131 36 37 39 4907 6060 940 5167 48 49 3764 8887 568 313 186 61 702 319 65 5699 4937 75 718 82 2132 725 87 4471 9444 484 2663 621 1399 120 127
81 2 3075 263 11 913 785 276 23 24 25 4251 1532 284 286 289 162 36 808 300 174 47 55 7615 1987 7877 1095 200 3273 76 206 464 7005 351 233 1142 3831 248 1276
82 0 4096 130 134 1670 520 9 269 3214 19 1816 25 3231 164 1446 552 40 427 302 5434 1083 318 71 337 5971 223 2147 1123 231 105 236 109
83 384 131 3972 6 21 533 1819 155 3227 1310 31 3106 45 5678 55 828 444 1342 323 1350 328 74 8909 975 3024 475 91 224 99 739 234 250
84 1419 3981 6162 786 1938 146 4115 6039 32 929 38 40 1322 304 6705 307 54 3131 201 841 589 2389 1495 1496 984 93 97 8034 3941 3304 111 2032 114 120 1144
85 1 769 3 134 6 909 25 30 2719 2850 5672 43 4011 302 1973 183 59 449 4930 5191 327 3274 1870 974 1486 2385 339 8541 3425 357 369 241 8434 113 249 7807
86 2952 7437 407 284 3102 544 33 3746 164 38 424 44 49 2738 312 9915 60 67 4933 453 713 78 6996 216 346 861 480 225 352 999 106 1899 4332 6254
87 3 1157 1672 272 147 793 1307 7198 33 3108 38 42 171 6572 45 431 181 5048 3396 1485 1870 3533 7122 1623 1246 9823 1247 2143 103 879 242 115 118
88 130 1795 1030 8 9 140 12 20 151 4760 282 1819 1948 544 3489 37 39 41 426 53 440 74 6357 214 1110 6874 3293 1631 2149 101 367 497 498 124 3838
89 129 258 260 7 2064 16 21 25 543 675 37 3116 300 46 431 1203 2104 4665 187 60 188 5436 7612 578 1859 69 327 76 1363 2007 1368 91 2396 7014 105
90 5 7 394 395 3212 15 20 24 2328 2843 30 423 8490 813 177 693 60 61 190 63 192 714 83 85 857 481 2531 232 110 369 500 1012 508 1022
91 514 898 136 9866 511 12 4762 156 4385 36 44 2223 4529 572 61 4161 1729 73 3278 79 336 341 1379 3184 118 1023
92 5760 0 1412 134 1543 8 137 3731 406 150 22 9889 420 808 1577 40 690 312 2360 58 5819 188 2878 320 454 70 71 1736 1226 86 2270 8544 97 229 1895 3944 110 634 507 124
93 1409 1541 2314 397 13 5267 24 920 28 540 2463 2215 3368 551 2087 304 2225 55 1208 60 7487 69 454 714 80 7635 3028 87 216 218 220 5085 95 740 2024 1390 242 2290 117
94 6275 1924 515 8327 650 4751 16 400 276 6933 149 21 23 26 1692 157 1316 166 4524 45 304 7989 1211 3646 580 2756 75 466 87 93 1254 617 1389 3570 120 635 1149
95 0 2 4 6 2320 17 1815 540 29 34 38 1322 43 2738 1076 52 184 71 1492 1880 89 219 94 610 356 4714 363 1515 749 3821 114 2552 761 1914
96 1 6 521 268 527 17 2323 532 35 39 171 45 48 49 61 1601 1990 72 335 81 849 724 7395 2022 232 2281 105 1137 626 634 124 9983
97 0 1 10 270 1167 16 8594 1300 4508 4256 1062 42 938 48 4658 309 310 7867 1471 837 70 331 204 79 87 349 6111 866 236 5102 752 7921 1650 7799 507 382
98 1 4101 5 1032 139 13 397 15 9102 2190 914 405 283 156 540 287 34 38 167 424 296 41 45 3503 61 1472 69 2890 77 9681 9187 359 107 7019 2540 7920 5748 630
99 6 1931 4237 1550 18 23 158 4900 4261 37 166 41 2223 304 50 52 6591 2368 5058 195 324 3013 962 207 5072 976 1233 467 2138 2525 862 95 351 230 1517 2929
