100
0 8543 5766 2371 7873 832 8746 1201 5498 4161 4693 1030 6174 8327 1869 6936 9397 4448 6670 6591 7024 4770 1766 7245 3263 1179 3459 780 5185 883 9557 2505 5544 9730 3218 1899 3435 5199 8079 8895 1231 1071 9769 8506 9930 1269 8869 8212 3311 1472 112 115 704 5846 4950 4253 9825 6784 9926 3857 9816 3473 4533 9566 3898 6270 6568 9988 5852 309 2445 8796 2129 8572 2272 1107 9960 503 3205 2989 6138 3488 4147 9525 7115 5505 199 3684 8710 54 3070 9642 7175 1780 7414 2008 7976 188
1 4770 3128 9181 7681 6170 3007 7030 4728 4439 2177 9646 4981 4504 5782 54 8219 2300 5002 6392 2189 1138 4140 8722 1674 3938 8118 7050 4085 5346 9592 1919 2143 7455 316 3426 2865 8418 934 5822 4547 9280 6533 1160 9933 3523 4712 5026 2405 2423 1435 5416 2285 2536 2560 2972 3640 4479 4239 8213 3677 1348 940 5730 2216 9273 1555 7464 1536 6254 1084 4349 7376 501 4989 3115 9868 4099 1157 4058 1486 5936 3878 5502 6190 1505 1022 2757 642 7085 49 1186 9955 6219 8161 2764 4682 368 3937 2852 8472 6187
2 5728 4040 6010 5701 628 2734 3942 5468 990 8699 4917 2290 3814 8215 1191 7944 9871 3405 2393 8696 7294 3352 8816 2289 9040 389 5223 9401 4704 3151 8602 5426 2488 7612 891 7194 9361 6891 1123 2879 686 3348 5639 6698 2160 8543 3360 8516 5837 8442 5341 7344 3161 8343 4838 6751 857 9015 6343 4057 7709 9737 184 2573 3807 2119 8132 7712 2264 9616 4488 1689 8853 6220 6701 5083 1972 3047 5000 8829 8048 1688 6258 4656 8133 4080 7856 3152 9546 1683 1710 9609 5084 4986 869 2733 6022 6928 3213 2474 570 186 365 1202 4235 18 1039 8180
3 8442 1457 9793 6608 2743 6923 9079 9944 172 4895 4949 8296 623 7542 6547 2782 2329 8725 6303 9764 4886 6954 5025 3533 8648 7811 2701 4647 3003 98 6912 7266 1790 9286 7459 3422 2642 5237 9115 6260 8248 3913 2503 9557 720 7689 2014 2187 2800 1465 6051 6636 2704 2862 660 5269 1887 1928 1562 5160 5165 3625 7546 3290 588 4530 6814 429 6250 9190 5464 4764 9414 4106 6107 1021 6616 3302 5515 2452 5288 2817 7350 8188 8528 3938 8525 9586 2144 4401 3896 7900 1962 6630 836 7512 1776 9120 8630 3359 5546 1282 9534
4 2642 6608 2862 8998 8534 7948 8456 5441 6939 8727 8441 8422 9479 4101 6220 6905 4354 7091 4205 1882 4481 6289 6260 2192 2533 7947 8457 4509 7295 6916 297 8618 9863 6992 8092 5213 8603 3380 9013 9270 513 7225 819 8308 9573 6542 7307 5116 8252 5231 8974 3097 6594 2553 1082 508 7976 5500 276 2082 8011 6641 7376 591 1316 4358 9074 8861 6205 9750 6112 7892 6724 9195 6181 3978 1198 7667 7999 7602 7556 642 6505 4112 6898 198 6083 3454 2084 1103 8653 4908 7801 8274 2484 2803
5 7295 8422 999 9220 1907 1364 5279 1142 4317 6665 5309 6799 1802 475 3394 2508 4858 7779 4266 7706 9081 2115 5125 4370 7085 9986 2120 1323 5467 4023 2414 9944 2054 5287 7134 3096 4937 9725 4456 536 1507 9348 1696 7381 1803 3553 172 6137 6380 7605 9773 1360 3244 5737 7027 2198 2678 6490 367 5255 8247 8028 7075 2716 8666 2411 6896 1850 7332 3609 9353 3603 7596 7447 7975 9582 3022 5014 8489 9183 6253 1608 5247 6751 5884 3109 6706 5376 5817 8288 5195 8446 365 8389 6414 2596 5891 8214 2780 8597 100
6 6137 6732 6316 990 7312 7043 7738 2765 8530 4829 8099 6314 9534 4077 1753 1215 6202 6225 2378 2500 2213 3570 4705 9518 1148 8396 2395 629 5518 5752 2444 8209 9054 4544 4806 2089 847 6828 5503 3133 2485 6378 3255 8844 9905 6338 1865 389 1356 2227 3967 9640 1303 8720 9718 431 8493 6567 2409 6788 6728 6553 5614 134 425 5208 1699 2566 3120 9099 9036 2256 7064 4476 5191 8417 8919 6777 4090 9701 1458 7500 5547 6459 2974 291 3078 6885 8920 5360 2968 5672 6353 6807 6592 854 7298 1198 2611
7 2363 3500 7735 3283 6485 5696 3288 5777 7434 4733 7204 172 6856 7892 2308 5442 9520 2755 6810 6451 4533 8125 6938 1234 7984 5692 1775 5172 9183 5840 422 1300 2008 1 8076 2974 892 954 2743 6246 9314 889 7572 639 3296 546 5269 104 1992 1174 9032 1792 8872 8268 822 5714 530 9380 3674 2547 5666 6692 5460 68 2811 4985 9995 7231 6405 7825 3639 7494 7154 3877 4026 9741 5546 3145 8946 1356 8281 7947 2194 8138 4841 9698 5108 5078 5024 2165 8052 1908
8 8181 6507 2057 8246 4784 7103 132 9242 6433 6072 3825 85 9677 3945 4979 9976 4705 9729 7027 1877 9667 2058 7219 9457 6615 6637 4903 9975 6729 2803 3925 3525 1844 7800 2785 5905 1698 3619 3146 6228 7982 1336 7370 1842 5288 726 7311 4207 8266 5807 9070 855 1546 6237 6381 2514 9227 3268 5787 9213 5173 827 2912 6607 1479 2219 6147 4346 6392 4061 5988 2145 5503 9193 4373 4837 9190 1055 9520 8566 4461 8708 6410 1409 9285 2757 786 4983 7576 2538 7560 5982 2530 3751 7695 160 1772 4613 5357 9899 3405 4126
9 786 488 9766 2223 4522 2540 6646 7317 1308 6003 4838 6992 8108 9472 8376 3348 7757 8934 8514 7060 9339 6620 2030 8183 5498 4567 3726 9100 7763 3382 938 233 7844 3353 2738 2124 8560 932 837 8644 1520 612 8260 679 3510 1493 2025 4013 1375 750 4393 7795 2011 8496 2309 6548 8387 2063 642 4599 4530 7961 8371 3076 4271 9992 4182 854 9586 4717 3479 8095 2905 7458 1711 478 9 5089 8211 4120 2226 228 8635 3154 3368 5787 3287 9351 6776 5733 5059 5345 3660 1125 7994 8281 8379 8529 6365 4493 3187
10 627 7406 6215 2647 850 7317 9695 1116 3590 1058 3527 9249 9151 5888 8828 9836 7744 8217 3196 9566 7213 1790 3698 1479 740 8991 4678 5774 3784 3658 7085 1598 6018 909 3916 8272 6833 4548 4397 2183 8047 1036 8327 2507 7264 6778 9902 2638 6763 7667 8374 9921 1792 4934 365 1962 974 3133 4864 5112 738 8137 4063 8997 1241 7672 2056 939 6334 4899 3178 7990 3293 5894 4373 3691 8159 8674 2851 9045 6484 2114 1106 7962 7954 4786 3872 4832 7981 4415 4326 9127 1786 9594 1595
11 6008 3967 3988 3764 5135 7588 8745 2924 1940 941 3997 1296 2976 654 4045 7132 6248 6529 5736 2847 6947 7777 7567 4348 9367 9464 755 1842 2872 8845 6617 3136 8577 3078 4378 3659 3195 2295 3004 581 8814 9894 136 5731 930 3937 664 8261 3630 3523 2836 2684 2547 4967 4251 3191 9908 9664 3895 863 7158 3063 3283 1062 6074 3016 6281 2366 3921 2851 946 5524 4467 5480 6953 9112 1084 4715 2421 610 4825 1162 2743 2639 701 145 7004 8099 1141 6366 1704 3270 6253 4964 8226 4869 8532 5623
12 755 9613 2165 1758 2745 2373 3644 5688 1592 8456 6260 544 8934 4380 1352 1050 2645 8658 2496 7481 8599 4624 461 3335 473 4975 2239 5114 8699 9348 79 628 4194 866 5674 85 7862 9810 5194 7991 5272 3684 5067 2498 7926 6596 1849 3819 8782 6794 8466 4094 4636 6367 7689 2742 3722 6801 5056 9918 1019 3910 957 5622 9636 3090 5351 3653 135 8332 8026 5723 6222 3447 3147 4489 1173 4020 2858 9641 4988 5085 3289 2785 6362 3094 182 8514 9311 7185 7354 3872 4188 5563 732 9130
13 6260 8599 5788 71 9267 2189 9240 4349 5942 4691 5521 7041 9564 4268 6524 6256 1588 7421 9793 815 1765 7742 5162 6511 288 5540 1455 23 9170 50 3241 5848 5765 2985 7235 4331 8858 1643 1943 7526 8331 8090 5183 5134 1665 3357 5821 1610 7695 2087 3099 3429 9718 1920 8181 5436 6249 1627 7311 4671 4562 8350 875 1249 5736 8927 1109 2053 4416 3587 9855 3791 1401 5588 3331 6999 9561 6712 4992 7830 2091 776 1209 2015 8489 9157 7980 6769 933 485 8105 3358 6523 7367 1382 6815
14 9170 6938 6165 9726 5163 7694 8598 5153 157 6491 5600 9925 4869 9447 4232 402 5392 9711 2033 7198 5496 2737 7775 3940 70 6605 8347 3426 2504 7978 7007 7788 6390 3944 3914 1874 8483 3488 8192 5658 1706 1623 7862 960 6303 9123 3163 4088 976 1826 1476 8102 288 9553 6675 8981 3353 1147 3455 3627 5727 2181 4189 5895 9017 8727 5220 3180 6415 8300 8148 9014 4492 7235 2425 8576 3097 7607 7658 6351 5862 3617 2095 9166 7328 4103 1251 7095 9509 2608 4597 9697 4980 8291 4040 5150 7713 8118 8016 6983 6795 9206
15 7141 9818 9773 537 4456 5579 873 7721 9988 7725 6785 8583 4516 4485 1374 2435 3761 3175 8168 2099 8356 4808 2241 7552 7433 1305 2890 1788 2704 5847 2788 8965 9655 4870 161 2837 7019 2592 5027 1299 6627 4883 4637 7896 3961 5934 1072 9405 5694 7215 3498 5392 3008 4077 4028 4943 1883 8450 6021 7546 3895 2789 945 1985 4337 1747 7303 3894 2275 4879 4517 9330 2018 6354 6523 2079 7493 943 9973 6116 5178 6663 132 5272 2431 8738 6001 2178 1921 7636 9266 9013 3130 7356 5567 1820 1687 3085 1306 5494 2560 6239 1235 7375 7539 8706 9082 6075
16 5847 9513 6592 4034 4370 2108 99 2420 280 8061 4026 4743 7865 6500 328 8051 403 1440 2848 1865 9301 3774 4515 957 833 3156 1683 4613 1481 4572 2227 5952 6536 1806 7407 5941 5649 1585 3171 4187 2038 6938 8573 5280 436 3078 3349 8466 2413 5615 9490 3315 6228 3640 4445 2428 1166 179 6664 1456 8570 3732 3238 4474 5492 7990 2787 4781 9164 9545 209 2962 1643 7367 993 177 9515 8009 7608 6842 8803 7859 4792 4262 7948 1235 2293 2779 7702 1320 8621 5490 8804 3784 2726 4864 8258 443 7777
17 2174 6337 7852 9748 5107 5511 1382 6548 7935 3601 5542 8674 1198 2404 3084 5209 746 7648 9957 7515 8471 4453 4958 5114 4199 9725 9064 8985 4699 5001 3991 5204 7855 7869 7154 8412 3721 169 9124 542 4080 2836 2757 508 5134 5481 3762 3025 7160 3016 2902 145 9573 5512 9838 6995 1216 7926 6005 6439 1391 4116 2859 5439 6150 1200 2070 7832 9046 7608 4403 1154 7907 2639 3897 975 8948 8831 714 7077 3752 3808 9097 5856 3066 8098 1196 3973 4430 2790 7268 1481
18 2136 3634 9129 5207 8809 8824 4746 3390 3475 8653 2365 4502 1175 8446 1880 9873 7539 3623 416 7769 9679 81 6431 6244 3050 9471 2381 1070 6488 4314 101 6526 6252 5528 3265 2687 7756 9946 9014 391 141 8132 6079 8556 5048 3882 3083 4725 7493 9723 254 5088 6686 8241 5919 408 9096 5469 6089 830 6150 5221 2345 7755 7900 4104 6017 2321 4380 9605 6915 836 4383 8874 3777 9991 4091 2811 5825 8919 4020 6256 468 3298 1973 2501 5675 1688 8778 9382 971 7035 2249 3548 5846 9489 5257 4642 157 6961 9939 0
19 5222 7787 2182 8253 8742 9266 8149 9622 5079 4603 8405 3782 9011 130 4556 9057 2542 95 8292 5351 1938 9880 4098 6832 3539 1062 5471 236 7958 8160 3678 4854 904 45 6730 3464 9450 790 5461 314 652 2712 9946 544 2600 7660 2307 6591 6377 8413 9997 5694 9630 9148 7311 5677 9052 603 8155 4490 3876 41 3260 1896 4310 4174 5036 1536 9608 5428 5894 1442 3401 8579 9039 1142 3844 9453 2424 3104 4718 3344 3891 6121 2719 8660 7852 1587 9959 6789 2772 6281 6868 9236 7231 2413 1164 1564 5566 8702
20 4603 9148 2086 7395 6791 4525 8002 7241 8120 2522 8850 1422 6989 9843 2679 8615 5701 5224 7664 4722 5348 8967 9526 789 1165 5442 6213 7237 3489 5081 6816 4060 8748 4382 5110 4561 4596 6777 3860 5334 9713 4411 2928 2994 5963 1377 1615 8212 3263 333 1344 178 5600 1431 4331 9728 6626 9362 6943 8840 237 2127 628 627 9486 2648 1393 3481 324 5210 3290 4990 7191 9801 2202 5532 5977 7287 3153 286 6598 4604 1039 4254 8049 3801 4860 3793 2029 2631 3208 1570 8695 1160 5981 5458 4439 5391 1287 4135 2753 135 4679 5181 9644 5384 131 3971
21 4382 3787 4446 9656 6957 6585 9341 9678 9195 820 1610 4729 7393 2560 2516 5108 4078 4775 278 5907 8169 5901 165 6965 1321 752 3196 4753 7195 8575 9788 4094 3888 6195 6244 5561 5418 6971 6495 5386 5195 6080 2663 8673 2411 8042 299 864 2116 3437 196 7429 3626 7410 6746 4166 5401 2700 4540 2747 2122 1676 4342 4853 4957 6899 4194 5525 6967 3528 6794 9510 1072 1239 1415 693 7865 9013 787 7711 4278 5220 8875 7620 9804 508 2681 7269 4050 5159 8498 9274 5228 3707 4179 4312 216 3989 5205 8980 5107 62 2128 4840 8560 7934 1655 4900 5219 3757
22 5235 4657 1035 96 3711 6164 5527 8293 6238 7930 8358 2093 5651 3283 7037 2212 3163 5548 2896 1700 2750 1987 1243 6985 9558 2610 2708 7708 9802 7386 2187 9671 7653 814 2013 2012 6874 9432 9328 8669 8986 1623 2757 614 4642 9663 5186 7358 1613 3043 8327 3054 1648 8684 582 6112 4532 8985 8318 8758 4838 7776 7258 3513 2585 2000 5871 2641 9 6426 2789 8755 3614 8587 4719 1181 9850 3931 3756 419 4324 3971 7576 3536 3141 9977 4047 110 1144 7923 8505 2440 5696 8966 7104 6454 9967 5933 8557 6824 1470 9416 5337 9614
23 6509 3524 263 9988 4967 1032 1143 2469 8173 5669 7811 5436 6202 9550 631 4363 8953 4140 9559 313 4066 2144 8001 9866 9370 1608 3754 8286 1856 9703 3631 7045 7940 390 5598 6879 6059 8284 6036 1668 3025 16 1029 3416 1503 6878 890 7162 8912 6653 1178 7479 9459 43 9260 4839 6641 2376 8444 5139 941 3923 4068 1676 8995 7976 8243 9453 9318 7995 6599 5780 9372 2231 9339 3275 9267 3573 9217 5915 881 8812 9328 5914 6389 3879 148 6076 289 828 1803 1888 6623 5037 7548 2035 766 1065 6385
24 1895 8680 7600 4315 2374 9939 5331 3759 1444 9731 4108 6857 9174 2904 489 5063 6429 7775 2978 4849 514 5052 1696 5855 2728 4692 729 8524 369 8583 7951 18 8642 2778 1245 3869 643 238 5226 3519 4015 2469 6649 9330 3924 7348 476 5572 2526 8200 616 4542 1726 1015 5599 8945 1039 5124 1461 2986 1620 4860 2880 1279 4052 6715 6191 8589 2482 8181 8362 3331 9342 2609 4555 880 1220 4532 995 9707 215 644 2610 4953 6403 4794 1148 6526 448 793 3087 5793 8581 9691 5858 8251 4156 9519 6900 9454 900 2995 963 6957 7159 2844
25 7600 5052 7740 2694 4766 6610 9985 6642 1276 6853 2278 1334 2483 8693 5009 4227 2137 4750 4511 9314 1192 259 9845 9224 8069 9513 9439 5755 7676 1432 7720 9948 4593 9849 6604 1515 4682 4818 2058 8620 6550 2411 9738 6942 9235 8576 5560 3731 1963 1492 3884 8020 8279 8143 8733 8234 6906 5636 1252 2501 2498 9707 3706 1569 7737 275 4105 7454 2813 1652 4306 4440 9370 938 282 2077 4151 7039 6107 7195 7778 8426 5743 768 6925 5673 8531 4399 6497 7809 7828 4377 428 9265
26 4227 9884 9667 8222 5288 1599 5145 5132 2962 9315 1268 6922 2128 4986 1067 3679 7494 4715 8567 3990 6029 1353 3516 6357 4909 2104 9842 8706 881 7119 327 5068 676 7751 8245 277 5527 7021 2409 9670 7300 4578 9938 7439 856 3021 6331 4018 2075 4431 2110 9976 9528 3451 7287 9788 5015 3018 4311 605 727 7739 8074 3865 2766 5621 6980 5894 5285 9108 9839 1017 8017 6456 128 680 1917 1328 7936 4654 844 580 7306 9950 7345 7875 2776 3793 8541 9047 1413 897 2186 6948 5415 946 3450 3234 9081 8879 1829 1384 2146 3883
27 2694 4066 7574 2337 2300 2198 3649 1185 5011 9642 7382 5882 2207 6698 9835 5023 3480 4489 2160 5865 9333 6153 1983 1974 7440 1911 8759 9824 6184 1679 4395 9991 9671 5892 4534 1322 7107 135 3793 3275 7064 4564 7544 680 2359 2431 5208 154 4934 4543 5194 3881 3758 6330 2171 9122 649 5397 9201 5479 6020 7005 1855 4018 5909 5125 5668 4470 8045 9853 6885 8221 8455 2758 3941 8608 8584 244 1211 1713 1538 7848 1065 577 7577 2957 3043 4168 7320 9519 1243 8720 2965 2474 913 515 3702 1891 852 1026 3864 5907 5933
28 4615 3312 9276 3420 5173 6644 5316 3294 3009 7124 8161 4252 4331 2918 7496 5407 7023 899 308 9592 4471 2657 7265 2150 3976 7248 9476 4655 2528 9618 8903 3082 3191 4985 1082 1376 9644 9911 1813 3014 4053 2786 1047 5536 5923 1923 6665 677 5615 5469 4444 5634 3829 731 4357 7643 9221 1758 5140 8528 2577 3469 4999 9472 2209 1780 147 4967 467 9183 3163 2744 9267 1406 2809 7139 7085 3463 369 7172 914 1389 6629 2865 6881 2003 3112 6360 3363 8041 2671 9222
29 3976 3883 4649 4851 3464 2580 287 8991 9401 3291 2805 2949 5501 1069 8765 7383 6839 3657 7983 3898 3605 7478 2121 1809 9248 3463 7479 5565 9747 3373 1733 5309 151 7419 1236 1166 5157 7078 2210 4259 6055 6062 4469 5437 5631 8179 73 1170 7757 6568 7214 8510 2921 4205 3989 3739 7957 2766 7798 8713 6178 8685 3979 2521 6582 6555 3504 523 1719 9178 9562 2170 1843 1083 2263 1134 9940 6190 9786 5852 8082 593 5480 4228 9325 9530 7509 307 3795 7585 3824 9706 7729 7993 7914 827 2472 7622 7768 4404 7614 9803 8518
30 9939 3878 2220 3401 8822 3653 6882 2305 9566 5813 2967 5467 4290 3202 8915 3215 1283 6871 1528 7413 5524 4739 5902 5996 3944 41 8220 5944 2348 8191 6925 668 6524 241 528 9906 3172 3301 7339 6765 8986 2241 2170 5913 536 9049 8527 2045 9811 3496 2971 5789 6769 2808 6757 9728 3077 9394 882 7738 9775 4806 4680 4004 7434 7002 7958 7571 1992 2292 7764 8861 5827 3961 8056 6691 3256 5816 1987 2428 3694 7164 5993 1865 2707 6158 9336 5409 9904 6033 59 3538 4579 5283
31 3386 7800 8995 1205 2983 3599 4410 5725 2576 2045 9003 3236 8245 4546 4484 6526 7147 1038 1906 8241 2878 798 7999 2236 2893 7545 9897 9965 9697 6133 2293 4171 519 3368 4166 8537 8655 246 6400 3371 23 2816 468 2930 7990 7456 2889 8237 2055 6457 9220 3152 430 8347 3079 9598 4002 309 66 4553 9414 257 3340 6911 1261 781 2310 5951 8670 4542 5279 3930 925 81 9280 6215 2225 2028 5996 4230 5920 4922 5611 4408 894 5716 2556 9412 8396 6262 6408 3021 4605 592 1497 3097 6824 2711 1725 2487 8439 6075
32 1925 4662 6730 4003 3581 8923 7445 3002 862 945 5147 1446 2233 1154 2781 2111 1135 2834 8043 3527 2208 2420 630 7100 4898 7802 7277 4992 7111 5892 2627 8306 4310 3071 6266 8717 7663 2767 7935 3582 8848 1227 5710 1272 7211 8871 3182 8909 9804 4842 5888 6528 9346 8671 2406 4109 2962 2157 243 6124 4648 5085 8578 4194 511 3079 6044 7406 5193 1528 3298 4837 7569 6749 491 3826 7351 9090 1191 8154 42 4460 2451 2470 9448 1212 5668 8102 8555 6239 8670 1157 7233 5304 4896 9731 1973
33 1270 7598 2671 2268 1244 2308 5813 275 9480 9621 8831 4572 5039 6440 8617 4664 1341 9352 9990 3453 7727 4241 2393 8202 7136 8378 7503 9006 687 4445 9645 6398 9648 6679 5602 7537 801 5401 9267 8514 1102 6396 1789 4372 9450 3566 8918 1979 9700 7679 4053 7165 7631 5443 5375 4616 6380 7644 1428 372 3855 4862 2076 5682 7116 5168 2500 9891 8906 6846 4432 7655 2389 3625 1703 4952 8381 6023 7665 5428
34 8855 3987 9941 1608 7978 7451 6000 534 2134 8087 8188 5068 7089 2104 7406 200 7883 6529 7686 5545 9371 6605 2624 8187 4968 1316 6807 4459 5450 6906 6376 6751 9390 7202 1142 9835 6359 2304 4518 9169 5539 9407 8934 776 9370 1723 5731 4894 1836 3233 6406 2066 6134 5418 7136 2914 1866 8710 1327 6599 8395 9575 2026 4218 9056 544 3304 5306 9265 4808 6330 5717 8951 3560 7316 6899 1976 6826 7740 2722 2677 9437 3020 8572 5928 4387 4235 2998 2889 8092 7273 225 570 7996 105 4143 8014 413 4698 1550 689 8952 9495 6589 8563
35 2354 4397 449 279 38 5377 6601 4092 6460 7728 3000 4510 7190 6118 3303 4924 3554 4220 1649 8974 582 5778 5384 7823 4874 4762 8529 134 6859 2937 6563 2992 8790 3957 4830 6888 5759 6002 5884 845 6849 6236 7434 4896 4842 5847 5060 12 2308 773 3949 9780 4446 6860 7579 1454 8239 187 7241 3758 8572 8710 4001 8747 7948 4304 4645 3343 678 6719 4619 1548 8245 33 4680 4318 5947 3600 3697 4646 9936 829 5307 6360 9940 4732 5856 3027 148 1128 6121 8422 9232 2720 5692 344 7934 8588 1750 5550 1248 5938 5883 6671 1244 4518 8913 5219 7545
36 6460 7948 449 9433 8264 3611 965 6616 5986 2505 3815 7988 5690 8093 669 9053 6673 8458 5429 626 45 36 7794 8525 9797 8562 2539 1278 421 6365 1688 2076 4727 4997 7941 3204 1650 3002 9232 3693 5972 1634 2434 1006 2422 2313 8507 7783 7526 105 9291 1586 2710 752 7692 9828 3009 9019 7860 1003 6072 8757 8618 4337 561 9003 2072 6612 5328 8210 2186 5917 6077 3550 8175 3190 7750 5879 9111 5121 3740 5410 7129 4635 1066 7018 3479 6593 9708 1986 8106 7287 2626 6370 9901 2676 6578 2581 62 3189 4244 6258
37 7865 1392 4124 5392 4059 6350 7222 7255 1214 2575 1370 7385 1305 5134 234 9995 1333 6323 4896 9165 9397 870 2684 9057 4202 5975 6884 484 5998 7227 4916 4810 8187 5962 8538 2001 2615 7361 5586 6122 9255 1802 3209 8742 6419 3249 4147 8470 899 3590 3654 5284 9426 961 59 1194 8916 1078 7025 6274 3645 5931 832 554 3125 2102 4348 3540 8282 9703 180 4827 4531 6432 1642 4472 3492 1721 3795 9016 6663 729 2635 4329 1491 5254 2769 3706 6590 7362 548 4750 7169 6391 2009 7338 8291 7223 2844 3189 1889 4953 5821 3020 3754 3098
38 1333 8187 895 3575 4616 7767 4678 768 2521 8129 1876 6706 6403 4500 7473 9604 9325 6456 3437 9608 8784 9943 5604 501 9446 2924 2858 3389 1954 7149 4948 2991 2337 3024 9360 5954 5513 2994 7405 2525 7607 960 8484 4467 6096 5216 867 3343 2993 2722 9209 6251 1591 8347 1659 2633 8724 3185 3027 3014 170 7246 4839 8539 8536 8167 8461 8081 7428 6724 3511 4404 1279 7880 5672 2558 6258 435 7049 4897 7710 1372 9867 1421 2635 32 317 1968 947 1855 2430 6389 7544 3814 9852 5493 7894 4911 2092 4197 5756 9700 6613 8463
39 5319 1621 8472 7024 4947 7497 5075 5564 7462 6032 7748 6526 9078 8160 2484 1878 4500 5936 2302 6915 4139 3990 8806 4432 9977 6617 9331 8912 439 7683 3150 3211 2102 90 1723 5529 7094 931 2720 8219 5638 7317 8465 9594 7769 8731 4274 112 6089 6137 8752 6726 5596 1132 5626 2106 2130 8212 3852 97 4063 479 8124 4030 5352 3752 6879 2522 5153 2849 9326 1501 3964 9711 1382 1916 8475 2230 2612 7965 2352 7860 9168 4833 1901 5857 5315 6629 6419 1156 4061 6315 6376 6075
40 8912 112 8349 3500 7396 5524 1706 290 9081 5244 1411 2615 8416 6146 9284 1636 9710 1308 8630 5225 3794 7337 901 4162 2946 2648 1684 5013 8539 9668 1170 1221 2694 5163 7162 660 184 5823 7238 4569 6387 2977 9483 6283 8639 1362 6628 7381 2265 9713 3617 5277 1741 2367 8338 1624 8917 7579 4450 6317 9221 9676 3082 9811 8827 5966 2461 9489 2641 3953 6640 8515 6810 618 2273 4678 9499 3925 3326 9550 8833 2879 3627 1505 3198 6019 1104 6306 1477 8315 5534 3213 2565 4673 6615 2261
41 4569 3295 2944 6320 6251 4204 2886 2947 208 885 6939 5609 6650 1672 9812 1018 4746 7553 1482 9978 6909 5054 483 2989 4499 3820 860 3212 2065 4848 6886 3668 9980 9759 727 3702 1432 318 1128 1386 4183 3636 8436 9222 4845 3861 6170 7126 3479 1619 9254 6805 8875 1178 239 5873 9804 4998 2517 6064 4657 2688 7184 329 6758 1518 9257 5388 2069 2420 4287 4024 109 6898 1273 9398 2080 6855 869 9004 518 8700 9737 9033 5378 4898 9451 3915 5703 2828 7521 7802 8563 8262 8511 2285 9749 6729 4638 9898 3911 6400 9993 4533 616 6352 3000 8878 4441 8132 3975 1143 3577 36
42 9222 6348 9984 7046 8104 9792 1163 621 8631 1933 9960 9477 5288 3207 2251 6777 6925 3713 9524 6217 9411 4258 9029 4803 9576 8973 9492 42 395 8614 5117 8736 4208 9075 536 2014 921 8979 7839 4036 8858 8051 9821 7283 9286 7163 7532 7526 5864 660 812 9964 6998 7561 4997 1111 6693 9676 34 678 127 2529 9926 6379 4933 352 5583 2668 1564 9848 8636 93 4783 6236 6679 6247 2320 3691 1792 3968 4087 7136 9938 834 4956 6352 2259 8977 9922 1228 8712 7169 8674 592 286 1190 6075
43 9524 7039 7860 7479 5618 1432 4861 619 6298 2999 3438 8089 7360 9640 4786 4188 344 8920 6006 3145 3132 6294 2081 7743 9146 5945 7579 532 2936 8476 2020 3846 2224 985 9059 7070 4488 9440 5987 2788 7943 6884 4187 9077 9565 2248 7279 151 3658 9161 7816 2567 2396 4007 9540 3787 1268 5652 9722 9122 3842 9023 3348 9946 679 1574 8023 8743 8613 5822 7748 2970 2345 8307 8150 7647 6576 3851 7009 5690 5325 2582 6905 2051 101 5732 5714 3338 8218 4249 6874 9174 3088 9217
44 7988 2435 3117 4099 2427 3066 1898 2005 7506 7143 7405 1818 1665 7452 4867 2276 8274 827 4379 6685 1197 2633 2490 8472 5018 6278 8153 5730 932 2961 8995 8206 8939 1977 6398 6660 3238 682 4905 4592 8452 3030 464 727 845 2736 4803 5815 3985 582 4259 2287 9823 7002 2316 7378 2744 2650 3482 1009 7732 2239 697 2087 7923 5890 387 3653 3088 5033 2298 1387 9060 4453 5601 8718 2098 1587 187 3398 5135 6822 3253 2741 9613 9937 1591 9798 7468 9207 8899 7865 516 8930 6304 5922 4978 3204 9727 5747 7172 1268 9684 5331 5247 607
45 8086 3269 6797 6694 198 7683 1776 6744 5506 5892 3342 2931 3117 6458 6599 1151 113 9220 9742 5014 5537 9161 3431 7958 8697 3369 2283 6416 1552 8272 744 5549 7720 7787 6122 4057 7987 1585 951 1980 9262 9853 8263 9289 9851 2761 2487 8273 4771 4074 8794 6041 9104 1728 3315 9123 9986 445 7863 6192 6925 2500 7711 2220 2990 5803 9327 7786 3180 5561 3121 7300 3104 3171 7889 9859 6500 2345 8108 1425 372 4468 5404 6507 852 4915 5858 1949 3656 9676 1209 4514 1632 6545 1962 2813 1309 9030 5525 4925 2344 3679 8935 1298 3394 9045 1974 8053
46 6744 7734 9352 9055 2950 6743 3423 5712 3035 5832 921 4115 4495 1724 1739 7942 5317 4296 2971 9005 2249 1040 6218 9069 2587 4224 5622 4305 4776 239 7966 540 5360 2983 5061 8569 8671 2370 1344 6719 6793 4176 4799 4552 3160 3333 2571 9904 5813 5518 2617 1091 5107 9974 3543 2667 7740 7691 4303 1718 5291 9826 3823 7678 3230 8245 2036 8329 1299 9104 7396 3066 5758 1377 6879 8489 1714 5333 7967 3399 9719 2649 6733 9401 5139 6774 7569 7295 6271 1438 9595 7889 198 5427 5252 6679
47 5317 6645 4965 9433 2247 7097 6119 7963 2380 2492 1801 8440 5359 2592 4670 4285 3062 8102 6533 9934 5021 4630 9430 6006 482 9019 2529 2947 8173 5175 4170 4964 4584 6183 361 3285 1773 2970 3785 2804 9 5563 234 1310 2225 9999 8730 3078 4542 803 2784 2826 5865 4110 6581 7174 6165 1093 8987 7156 4812 6535 5672 4273 2887 7186 2857 6932 3626 7698 8389 526 917 8205 4188 8377 5827 3792 5380 3398 9250 9604 6299 9375 1076 126 5730 8525 2968 4149 3537 6241 7684 549 8232 711
48 4542 7150 7645 5616 396 9455 8221 3567 34 2864 9607 3825 8354 9630 5795 1619 5248 3290 4573 3744 8023 1313 7732 3742 8798 7608 7335 2690 3494 9423 8034 1411 8960 4774 7255 398 3846 1926 3664 3684 6935 1876 5803 3903 5231 2770 2222 9784 4196 9908 151 5414 6430 1807 4558 6759 1977 8110 3888 9411 4958 4209 5909 2074 525 9116 5499 4766 194 6520 1391 6983 3720 4706 5138 3788 7178 2166 9616 902 1223 3272 3352 8803 9901 1726 3809 3752 8029 1397 4472 3302 8389 7497 5637 3185 3051 7455 4141 5819 464 3826 4883
49 7149 1847 7664 1104 6302 5158 2477 9289 8438 3236 7985 3688 1683 9031 3809 258 3896 8127 9133 9665 36 3965 923 9971 9677 7798 6120 8826 7782 6022 8823 8577 5962 3475 3398 2747 6850 59 3469 9059 3206 2102 3270 2969 8752 9490 379 388 3962 3549 5541 5448 5601 5527 5515 918 5960 2551 1294 1331 9076 8923 740 1589 277 7921 8060 6450 7140 1796 3019 8315 8368 6807 5264 7199 8507 5755 4624 805 5514 3925 903 1893 4373 3613 6954 5756 9139 7846 9614 8241 6840 3430 9624 9519 3819 3159 4150 6254 7631
50 6992 3993 312 8638 8763 6242 875 1515 5428 2955 4126 1146 6718 1333 6603 1092 2668 2175 2845 3306 4094 5771 4194 2658 5245 4544 2625 3520 9848 7254 9482 3707 6280 723 7958 8057 4117 1745 479 8600 1454 4468 5255 5111 6690 7687 8599 4718 1097 6970 3859 2062 7546 7446 6759 6439 2509 6536 1011 2065 3657 9366 7964 2339 8937 4924 1486 4806 3291 9076 124 7214 8421 2265 7914 6531 1244 821 2309 4433 1174 1353 9085 5390 1363 9489 4012 6679 2569 2867 7048 290 8046 802 5820 9472 7095 7927 874 7574 6376 1666 3354 3364 1155
51 7466 5428 5727 9438 9389 6196 9800 2111 1580 6782 4030 2276 3693 6056 8706 7294 4980 6383 9277 5561 4172 598 550 1067 6689 4062 9391 2446 8651 2358 3949 7615 5766 3755 5689 9165 7741 5166 8361 8048 2686 5654 6238 6045 988 7918 670 7413 6486 5808 9994 2551 2283 7944 7613 4288 8228 7927 1794 1317 2209 4766 5792 7723 9255 7310 4705 5445 3535 4523 2287 6361 2253 6040 5721 3815 9376 2865 9042 7524 8534 6296 3849 1970 7168 5219 4081 4475 7805 7306 1442 1962 9219 2674 2735 1217 5073 16 51 151 9558 2270 1423 3578 7435 398 8169 3754
52 9389 2209 3554 1413 6536 2651 3530 8748 9475 1914 2427 8970 3680 5122 5746 7897 8711 2160 9708 3674 8701 5641 4058 9949 772 7093 4247 3854 2588 5708 9744 5328 8861 921 8550 7109 3916 7200 1259 2857 4749 656 103 2338 2733 158 6533 3077 7137 1793 7722 2553 7570 2012 3948 7008 6335 282 8005 6460 1369 303 1908 6318 4184 6944 4720 4191 9752 7647 576 4345 5615 6693 781 5836 3105 3666 6452 238 2672 8950 2446 4147 2032 993 358 3138 6535 505 2692 4985 8836 8924
53 2060 5373 8504 7556 6151 7375 1642 6137 8766 7521 3972 3042 5142 1425 2268 4133 6747 4350 6866 8106 9330 2396 4877 7176 3630 6839 4324 3583 7724 3132 8589 6716 7273 1909 64 8350 4413 4517 8174 4972 2503 2022 1794 9515 460 8915 8908 6753 4498 5519 7977 8999 3804 2703 553 1554 9118 1741 2881 2081 2075 6341 4427 4356 8684 1428 798 8153 5661 4535 3052 3413 7808 5434 4836 7918 8638 4425 4495 3274 8649 4461 5426 6954 4990 5105 4290 6287 2517 1164 6109 1530 4062 6024 4227 561 7254 7986 8772 1545 562 3176 2726 4906 8014
54 8649 5913 1590 7476 1418 6664 360 7774 8065 9711 8089 3727 9812 514 235 2726 1058 7122 3868 8387 8124 2708 591 6809 5577 1488 7707 186 1868 4359 8416 2032 71 7529 6004 5898 2607 9422 8240 4743 6948 7183 9568 4013 6277 4886 8680 8206 4432 3124 1919 5121 6977 3797 7559 4067 4383 3309 9755 7367 1021 2470 2446 3788 4099 5434 7753 6073 1194 4648 641 6206 8569 5711 8069 7430 2121 5098 9080 8099 8863 7950 6882 6369 6490 8463 866 8846 8215 9473 5881 7522 7385 4240 5805 9901
55 591 4786 6974 1509 2900 2348 7163 9990 5968 4373 5238 8192 8189 1868 2354 424 1182 7888 3488 3633 3323 5076 6425 9778 8733 4718 5767 3837 5355 6747 4539 3946 791 8326 3635 9270 9709 2433 8531 9795 429 3182 3276 665 7232 5635 1800 9205 6787 3623 244 2851 3877 2997 5484 3744 8622 4006 472 4116 219 9302 9038 4089 5587 2597 6466 3518 557 5540 9459 1997 7379 8123 4094 3540 5544 267 7475 3512 1155 4379 5356 5600 4479 9518 6429 1700 9496 1818 741 2200 4490 2969 683 4907
56 9205 5613 3829 3027 1418 1165 5366 808 5926 2636 5160 5610 8955 3362 5038 5923 7420 5431 212 5544 1575 5031 2163 8856 8415 4726 181 9254 1814 3905 9675 9815 3397 1670 1198 4763 4488 6234 9228 5988 5764 6185 1437 1949 4884 3976 8759 5046 2629 5339 710 3572 1322 2540 3539 4014 6899 7036 3258 2744 9388 4754 787 2521 1566 2123 8218 3000 5202 1253 3208 3656 1047 5572 9260 536 2844 4312 8527 2434 5571 6839 2334 5864 2631 2773 8960 9473 8980 5428 2228 1208
57 5524 1040 2983 5538 4108 4375 659 1378 609 7284 1097 9796 9232 9913 5919 4710 8180 3261 1149 6895 395 3331 9417 8107 5118 6373 7194 4029 5899 770 4613 9819 4800 3402 5152 7421 829 8947 3996 7746 5479 9921 3587 2806 2141 7571 2703 7605 527 5107 679 5170 8717 1029 2264 2396 1218 7853 9399 3017 4719 2359 7391 6351 5583 4454 241 3056 5708 3536 9999 4529 6835 344 1230 5620 5499 674 9247 5719 4070 7619 3922 2800 2678 6787 9887 1928 127 3626 5293 3263 4054 3790 622 8807 4147
58 5768 2945 8308 1807 3629 3615 9866 8211 9221 8833 7336 2168 4237 2091 5380 1543 1784 912 7066 1307 4376 9181 3127 4907 4789 9578 690 7882 4711 7044 8813 3309 4902 1006 5996 8816 3984 8832 1921 3623 3758 1463 8483 3370 3322 4738 6769 7399 8988 3719 8933 8074 3244 967 1323 4101 7536 538 7459 5816 978 361 8792 3301 5354 6548 4773 7070 9139 441 8036 4629 4063 1605 6463 4453 9232 7465 2850 1772 9913 4007 3372 2477 3426 8189 3732 422 1284 9324 1193 7646 8879 3067 7413
59 6861 9564 8035 7763 2844 1785 5719 5058 3583 3989 4400 1805 1019 8120 6778 1493 4136 7319 4640 5397 2792 1567 5781 4793 6257 4923 677 2537 2848 6591 4526 9070 8030 7455 3668 2927 235 4862 3292 3978 9333 2202 8182 7922 3816 3448 6808 6402 6595 2424 4884 7903 6757 3667 3999 7392 3860 7170 4636 6946 3356 8453 2342 4559 6750 2862 5557 750 8612 2854 4338 8078 1292 4320 8566 1557 9929 1570 5471 7852 5583 1293 5600 5547 3031 4576 4075 8908 5276 6973 2109 3106 2804 5045 9388 1982 4918 8660 2506 3450 1426 4039 9634 5507 6406 8439 4813
60 4884 1019 2838 8897 2867 1415 600 9948 9539 9851 8288 7735 2645 3170 9218 4016 6949 9398 2830 5726 1884 8750 951 6226 3790 9945 7243 3038 6957 9533 3579 2415 4269 4574 4018 6738 2952 9217 3426 9566 2877 1272 1778 7906 1848 5596 7804 9180 170 1785 2379 3929 9282 2088 657 8062 2676 6517 5089 948 9479 7935 410 7351 2969 1201 7904 8351 5407 2889 5882 6745 1624 1208 8433 8471 5531 5049 9719 9393 8210 4136 4400 3281 8667 5542 4415 1936 4004 7371 3795 1850 1598 9313 1872 2141 3274 7053 2723
61 553 3657 4918 9374 7024 7139 5738 5765 2558 7787 7624 7405 2462 3898 2935 1294 1117 4421 4064 8401 6806 847 4283 2134 9535 9176 2147 9081 5567 3733 2534 6309 9635 2769 4584 9790 8805 7715 770 9443 6323 7237 4871 1235 12 208 1739 8868 211 1961 3097 2875 3815 5096 5496 8867 9657 2123 1828 2357 1683 3035 9027 2594 2670 5723 2903 1125 5544 6842 5418 4441 3057 6620 6589 8882 7278 6996 7375 5116 5618 5420 1906 5358 9768 5862 5788 6035 3078 4201 5965 3282 9830
62 513 22 287 2791 8193 8456 6528 7978 7809 5664 1282 6971 5807 1117 5982 7956 6287 2837 9730 4702 2495 2059 2654 3187 5811 5083 4918 8821 6563 5937 3193 6601 5889 5579 5100 1126 8152 2693 6523 3179 7915 5144 582 7142 599 3964 799 648 7101 8685 9283 2521 2222 1793 3824 5567 1464 3025 4277 5873 8958 4682 3485 7469 7573 3931 6809 9611 9539 1287 7841 2116 1114 6152 6993 85 806 6201 2379 1291 7421 8132 2786 6835 7232 2422 724 2738 8124 592
63 9874 7704 9846 8542 8055 3632 3055 3113 1526 8217 1414 7520 5932 2268 8735 9950 2806 4684 2548 7481 8296 9931 1260 7890 7696 5230 7502 6504 9572 9851 6304 9098 7702 6745 7566 3299 4803 7864 9894 3791 8333 7966 1569 5010 5155 4812 8402 1127 5779 4359 3330 202 3137 6562 8483 8898 9075 9791 3743 4692 294 671 8383 5336 8687 3003 1989 8933 5763 2577 4532 3173 6311 1361 3477 4746 2196 8312 8347 3186 9092 2925 6692 6171 9962 7723 1445 5524 4551 984 9923 3516 218 7561 4637 7950 2746 3621
64 9894 6692 3549 8427 2749 8921 6181 7484 8309 6988 8023 3572 3294 6309 2431 2467 5063 9739 7504 3392 9069 7080 2961 405 20 7731 9287 6789 2543 3060 3429 425 2109 2883 855 7485 2777 7093 1387 2160 6008 4951 8168 6319 2770 1752 5505 5193 2795 1542 1506 7990 9692 6968 1012 5070 7909 365 5204 5029 5586 7276 7365 5124 5713 4717 3191 3714 2172 1110 4481 2901 7557 8742 573 9298 2003 9919 4658 3003 6412 9969 310 1263 4592 2362 9509 5616 653 661 6787
65 8309 405 4562 8819 8645 5487 6592 6425 3650 6698 5096 3842 3714 1843 6792 9130 5016 1013 8406 9851 9430 9651 4567 2162 1408 5019 5795 2387 7322 2580 7595 868 6343 8928 231 5334 5567 5252 8632 5882 4277 682 1693 4393 9529 1306 1497 382 4814 7956 353 9611 9834 5866 4377 3296 2872 9530 5477 508 84 8432 499 1748 3383 9316 9972 2037 7821 3930 7953 7596 3166 2687 1870 8036 3731 7015 1152 9814 4449 4315 5073 8403 29 5853 9034 2859 5744 1678 4392 7587 5144 660 2478 230 3403 1722
66 8651 6903 5540 4030 5114 354 4065 630 9339 8976 2541 1053 5735 8580 2350 1387 2249 7926 5586 9147 8620 4490 2509 8481 5900 1640 8271 1124 1724 3290 7372 7873 7123 8985 6380 674 697 8693 2179 5842 4782 8290 236 4383 5055 8133 6399 4373 8833 8285 2954 5500 6524 983 9022 5683 8452 2364 5305 2229 3429 6802 2238 8062 252 8491 3497 6272 7591 4085 1381 936 7010 7297 4831 6487 9659 713 639 7577 4339 4987 7434 585 1793 8565 9249 8511 4316 1875 743 3900 6388 9429 956 2605 3930 3754 3412 3587 4749 6687 293 844 6051 5168 4195 4210 2153 6815
67 4133 1348 2984 9073 7948 3877 4514 4856 6946 7584 5351 3632 8123 1376 5075 2706 6425 4205 1103 6083 3266 6762 1123 7545 6552 5163 3253 6278 5889 2058 1008 8355 4074 9508 1381 9994 7482 7127 9395 1398 2398 8988 7633 6518 6405 8443 4503 9307 1979 3909 4277 6467 2520 244 2424 7011 5034 3200 7712 8646 5272 9638 2689 9690 7418 4324 2632 8622 4756 7051 4997 9237 3334 8510 6865 6053 8502 8056 9674 8511 7194 8109 4956 2273 3287 2888 210 8346 2469 8670 9547 5702 8177 3343 3208 9814 2776 1947 2779 6233 1982 5593 7002 1811
68 5889 4694 1770 7201 7679 5262 4479 9048 5985 1974 9104 2858 6028 7558 5349 8305 1968 5635 4584 883 9554 788 3422 566 3805 1362 1633 1644 388 7579 1443 2097 8106 214 9707 3848 9066 7744 7328 9937 135 6662 378 8555 2927 9339 5158 41 666 7971 1789 386 1625 5760 1546 6913 5903 9455 9035 5649 2489 9184 7663 1105 5104 127 3315 2175 8967 5450 4604 3996 4713 6393 1668 7819 3852 2103 9446 5532 301 6199 6601 9076 6004 2474 1056 5654 9948 2783 1505 9806 6896 9265 5010 8409 9719 5543 3192 8417 4844 5078
69 8757 3564 7284 3860 6477 228 8713 4605 9917 1775 7797 8411 3573 8008 1583 113 9999 7946 8112 1842 8608 2933 8483 9864 3602 1962 3844 9390 3638 2572 3435 8760 4597 8922 6810 9811 5381 2209 7230 7894 3466 6664 9299 2384 1154 9484 4866 3571 1171 4943 1675 2712 9486 5454 3265 3651 5186 7120 5975 6467 1651 7179 7614 6021 9207 8571 2946 8312 9143 120 3493 241 8915 2161 7536 9039 9278 6331 8408 2316 9770 2304 9821 4278 13 2349 809 3105 4791 5848 7739 1425 697 4176 1513 2136 3409 2064 492 6828 5581 5698 856 468
70 1962 151 5183 6268 8905 7995 1344 8077 847 9822 5416 6745 5853 702 7247 4552 1077 7591 3744 8543 2878 6749 3281 6213 1174 7627 2087 8798 9588 4127 5058 6089 4556 4929 6708 7686 8683 5676 1234 36 7628 8854 1421 4702 7119 1054 7073 1987 8302 975 2662 2253 7500 2520 7184 4142 9355 2753 4067 240 367 4653 7974 1137 6003 8066 2203 1971 4501 6505 854 8344 8755 2606 5447 8184 794 996 6143 9789 6507 6987 9803 9499 2770 9688 6589 1119 9218 8734 4883 8024 1660 1218 8397 861 7650 6934 4178 4802 5138 8118 4390 5127
71 4067 3927 7893 276 1325 7992 1191 7646 4578 56 5974 5762 9252 1026 863 2631 5389 9188 7268 444 8306 602 2048 5084 6079 3524 8893 2952 170 3890 1977 2902 794 5508 1529 4844 8037 5865 4483 5175 1810 6157 6120 5542 4007 2263 7061 3679 3740 5913 3807 7227 5387 648 7707 9959 1057 9623 9759 3073 1408 3321 9428 9808 3109 5254 8977 9869 1141 380 2775 6591 3542 7459 6258 9719 8407 217 8162 4003 5966 4071 1722 5717 8390 7264 1080 5377 3174 9244 5462 4075 5136
72 4436 8509 7936 6361 6140 8642 1304 256 9243 8671 1544 8421 2138 6419 3352 5110 791 9272 7980 3781 249 3925 4274 8216 1521 7455 2057 225 2840 4438 5775 7943 6101 6197 9152 4763 2180 8154 417 1665 9318 9464 9001 6817 9775 8334 5391 6091 7079 9572 9346 2677 3631 8142 8527 7803 5301 6377 2978 4257 7127 5212 4949 5827 7709 6277 6639 3303 9764 869 90 7141 6799 1386 7754 3842 3416 4388 3493 1865 3713 4477 4746 4265 7503 2492 9133 7044 7208 3148 9465 6102 1231 5548 3597 6015 8383 4249 2985 7332 7148 543 7897
73 8656 3610 2731 5626 8815 6039 6236 7477 9506 3975 1863 25 3811 8163 9488 149 9766 8472 8612 600 4594 5591 1539 8647 6297 2403 4671 1119 4879 1123 8086 1179 5643 7762 8408 8170 1722 5719 8257 493 8767 8602 1611 2616 9032 2434 5662 5961 9940 5885 7615 5477 7886 7502 4303 8976 3604 521 6525 7770 657 7815 9131 1914 898 2560 2410 4675 1288 9469 5807 2927 4001 4047 6094 3565 7147 4357 5787 4903 7 9045 5765 7123 9631 3737 2924 6792 6541 5208 6219 8100 7231 2169 3112 7107 8706 6551 1295 7336 8586 6172
74 1611 8979 8325 1128 5664 4343 9506 4857 1767 6040 2520 706 7360 7891 445 9577 8993 6833 8888 509 7236 2417 8594 3734 7168 4005 8506 6001 3273 5411 7938 2422 9754 4068 8872 984 8067 1881 1164 708 589 5108 3928 5614 7538 794 3105 1645 346 5423 1460 559 7194 1160 333 1257 4401 2644 4158 6045 1932 8699 4930 2803 1598 3942 3953 7839 198 7487 9534 5120 1331 228 6925 7280 3384 7076 4744 4891 7180 699 1618 2547 7741 6856 4229 2988 1844 7645 2479 9037 1631 1033 3141 3010 1379 2136 267
75 4124 4556 3922 550 607 6562 6040 4566 3883 4319 2154 8042 7852 6499 4586 4304 5898 1760 2410 330 470 3312 4677 4452 7617 2801 2878 7925 2428 7922 286 3570 1171 5251 5032 2085 2845 394 2780 3576 1291 7558 5801 3634 2629 6591 7351 2952 8717 2701 4721 2166 312 9343 9935 9891 8241 4397 8011 4357 3593 7429 819 812 6714 1092 3092 393 3086 6069 8299 2963 3212 2862 8495 4830 6804 4668 4149 2438 3799 692 4323 9794 7057 2285 4515 4810 7344 1309 3354 4274 3847 4006 6324 6019 4106 4031 4814 1410 4405 8295 1940 4903 9930 4282
76 1171 1331 9066 7289 1431 4853 661 3753 8826 4015 3556 3785 1327 3042 8145 9690 1205 9086 5500 2233 4336 6849 362 2809 7132 1037 5171 3862 5869 1464 4458 2907 4750 4780 409 1517 8874 615 9926 4533 4305 1437 7537 3966 5999 3759 6784 4101 3332 7216 9903 7115 648 7180 4240 8077 5771 251 8640 2519 2898 1537 105 2125 4973 4117 1115 6225 6025 2161 3571 4626 8285 120 765 2974 8020 3840 6512 3606 7145 3690 6934 360 5791 512 8162 8952 2835 4166 8606 6604
77 2046 1365 7690 3993 9383 3643 7656 2333 9199 4816 8083 877 1226 7000 7640 1780 9923 1020 3147 3603 9368 669 9915 2281 9061 8379 4125 382 6803 3903 9437 6225 929 6956 5757 7546 2395 978 4809 2336 1816 2346 7029 1549 9397 3641 4981 816 5420 369 7457 7999 6590 8781 393 5939 1838 5790 7295 2756 222 9337 1149 1699 3286 3619 1214 5819 418 3080 7301 6517 2877 5026 8732 3413 6793 4049 1030 7784 1872 2162 2804 2238 5584 3281 5334 924 8298 4318 9956 1676 174 1451
78 7000 8969 7464 6420 7010 1624 8494 8801 8018 8068 6742 59 5177 6234 7049 6438 2438 5950 8096 4650 4572 3335 6550 310 9061 4266 6054 5965 2519 694 6073 9281 7506 582 3698 6207 2967 5144 8449 1217 4120 8370 8860 9277 2141 7523 8776 3203 9681 469 1587 2026 8212 4489 8628 3315 4248 674 6037 6301 1386 5916 5696 7127 2077 882 6110 8703 2571 3094 2396 6334 2810 9947 7431 1149 4918 6317 6154 2666 7526 7689 7174 5087 5897 5643 6977 7794 2633 3017 688 8596 2824 5604 9715 7719 2091 943
79 4650 7681 5860 7799 6765 7580 2966 5148 2619 3180 9707 6825 6337 4776 4443 15 2403 7190 8564 2643 9299 8081 1626 846 8842 485 9696 3855 3906 570 3945 9129 4594 8080 1371 1199 2506 4040 9656 1112 4933 2636 1151 7966 6683 3324 1936 7705 1740 7207 2699 1986 6087 5399 5587 9976 6125 619 6923 2958 2466 5954 2376 7962 5639 2117 7082 3179 8583 1059 2877 1622 2617 8415 6920 4946 4037 9103 4601 2920 7065 6594 7538 1103 524 9651 5183 4279 2688 7875 416 4066
80 1626 3700 6383 5679 6665 2272 7693 6946 3950 6423 5570 2015 3230 2528 272 1867 883 5149 9384 3427 505 3076 4234 1352 7004 5692 9400 3604 4107 4088 5321 5456 416 9745 3913 4975 3682 5293 6817 5504 1950 7306 5711 8796 1607 4830 6772 8389 4757 2587 9021 7124 4667 4959 5598 86 9027 8230 1418 5493 7844 1367 4264 1050 6753 9439 4636 7055 4602 4214 2849 4812 5584 2839 5844 2556 9425 4477 6314 3836 3097 1913 5884 7948 3312 4233 4449 3026 7282 6889 7746 3338 9389 4604 6980 8785 8047 8236 959 3945 7002 9091 3892
81 5441 5988 9216 8772 3728 9137 8935 2748 8020 8851 1323 8416 8803 534 5170 6633 7504 6355 6221 8168 4924 7549 3592 1581 2106 3825 7146 4755 7559 1834 9000 6692 7461 6927 2561 7485 3651 9833 1616 8213 3704 4352 8244 3479 6268 36 1231 9808 3349 7870 740 2488 7074 8434 6356 908 7887 3047 9819 6754 7012 3156 9451 8660 1530 9705 1348 4631 4144 4385 9901 2816 4046 7669 1492 2637 6266 9281 6739 6249 1409 5273 3078 344 4877 1717 3236 9028 8315 707 8531 8927 7778 9857 1517 8100 7252
82 7461 8928 7402 9984 3421 986 5927 1849 1886 429 8340 8630 3590 636 8354 9903 8964 5907 9522 9214 8228 1155 5160 4194 3448 6852 2904 2554 5243 6494 8908 7085 2987 9840 0 1114 1724 9866 5787 4434 9898 1951 4636 1269 5761 266 7598 6837 4696 6883 8297 3488 3104 7979 1993 2679 4797 7190 6725 3660 8162 7786 3141 7719 5768 907 8605 3033 5901 6380 1489 775 3321 782 2466 8392 5841 7435 3887 9859 7258 6194 3218 5727 5732 3495 9393 2870 7236 7835 5848
83 4962 4763 6297 6039 6517 2195 5937 846 356 1240 1535 6703 9557 702 8156 2805 7594 4382 5117 5472 5403 2888 1108 1709 2081 710 9554 8003 2800 5036 2122 6606 8345 5550 9276 6691 8615 9575 2898 6805 9993 2354 263 789 8176 128 4118 5924 4177 2098 6598 5708 5341 6333 6386 7406 8308 4297 1972 7118 9610 2690 8830 1639 6250 2779 2159 6977 8868 3730 2069 659 818 3826 3339 4684 4774 3391 4653 1883 1822 5666 9027 4113 7551 7251 3868 6404 5359 4786 1659 7384 2685 750 1839 2014 9357 9305 6625 9689 5168 9018 5091 1142 4463 362 8104 4223 8229 390
84 7594 8858 2574 5156 6083 2029 8646 1639 7820 7546 6524 1283 1039 9982 6303 1941 1888 7292 5035 5531 9000 9375 4288 1339 9454 1040 8436 6934 7328 8040 9469 5270 2891 4861 6697 6775 8121 5002 1372 9483 5645 1167 9656 1732 6300 4817 5916 8757 8518 2476 5941 90 3821 1841 3119 2313 7476 527 3128 8861 754 1810 6540 7451 4616 690 3164 3926 771 2017 8530 8287 6488 8413 7282 1698 8068 3802 6583 7411 6726 340 98 1866 2240 9004 9053 4591 2439 3158 7331 5442 4253 9780
85 5156 7879 5225 9245 1801 2133 9033 8422 140 4436 4622 4585 9375 8947 1215 9960 8131 381 3886 8298 6734 3262 7267 2419 1242 7112 1902 1499 477 9344 748 3753 6254 2278 5332 6662 5968 5455 9163 8707 2746 1173 4617 6491 2060 196 9304 5201 9862 4744 3797 9220 5512 5474 9967 7682 6344 397 4036 7424 9422 7608 7976 1737 2756 1310 4042 7166 515 453 810 6947 7586 8341 6602 438 2346 8512 2043 5441 6855 2209 6633 6733 113 2327 906 964 5881 6765 8035 7572 2175 8665 9890
86 1515 6150 3939 5504 6296 4920 8705 7787 8199 5534 6848 3817 9308 4799 1636 785 5778 8191 9133 2234 889 3960 3362 2304 1903 2319 740 6285 8617 8206 8055 7314 4347 6454 7525 5484 1609 5552 5888 1724 2003 297 8006 7883 16 2464 1961 4052 4234 9665 3818 3303 3748 3435 126 5790 3975 5301 4122 7409 663 4258 5716 4926 6151 152 4247 9842 1138 1303 850 6048 8523 8765 8674 4038 2800 568 2337 6470 5256 5270 2977 4617 1143 9022 6469 4382 1496 1528 9403 9734 5095 8939 6465 140 3650 8696 727 592
87 1072 4997 5319 7783 5540 9905 8865 8725 5120 3694 5346 3975 853 3048 1474 1621 8003 4168 8775 3485 918 9091 9153 4664 1481 4904 9452 2463 390 3327 9379 6102 3128 6976 3374 6192 981 3305 2608 3337 6368 7585 6858 9708 86 3778 6194 2355 8778 1454 6648 4665 2384 122 5415 1113 5336 9808 7094 2085 8422 3225 6104 6678 3764 2116 5847 5596 9350 6174 3442 5652 2682 2974 3668 9439 9614 1337 7313 460 8333 4797 1099 3725 1133 4316 8527 2521 9053 6411 6172
88 775 8640 7850 6229 868 1837 5932 712 8807 5632 7040 1923 2088 4336 7234 7786 9782 5109 7342 4870 6731 1415 1882 3750 4436 7057 7336 1278 108 6780 3571 1974 6714 4714 5794 1487 4505 7460 8215 2681 9744 1674 5659 6615 9852 2301 8226 4880 3785 4788 815 2753 2640 476 9376 4107 5239 6250 4557 6338 1694 354 6089 5232 5721 6925 4509 7656 8913 2685 6827 3911 6789 4201 3529 9791 1829 5219 1888 2953 7927 4589 6605 4141 4962 2905 2027 3587 8624 7285 197 8604 4894 4823 3342 7187 832 1293
89 2088 6049 3321 3121 8220 3419 8667 4346 8496 2710 8347 3569 8940 4874 643 2862 3190 9308 7521 8788 4023 5664 2308 4226 5084 5761 9193 8434 1952 6039 2963 8527 8923 3597 4153 3632 5463 8095 6846 218 2059 5163 6699 1185 276 2118 986 1917 7253 4715 6468 9347 1695 3531 3243 33 1752 6735 2875 4938 4830 1779 8227 9397 4037 8130 9808 1792 1773 9970 8858 217 4054 7696 6853 3308 9720 6214 9374 7796 980 1046 4512 7856 1091 7508 4486 6544 2062 2559 9079 1977 90 6 2957 4198 3795 8238 2204
90 5833 2747 3780 5554 3138 9557 6056 959 8945 5586 1085 2007 5312 1856 3962 9982 724 8903 7096 1971 1246 3139 3740 3266 996 6227 7385 7995 3054 4852 6448 7132 2138 4202 2754 8729 2247 6413 7428 1806 5542 5851 2408 717 3280 6548 3715 7515 9348 3865 5164 4255 762 5289 8938 1284 7937 5438 6400 9277 9098 4365 8110 191 2558 9930 1611 8999 2552 8894 4555 9613 9720 9296 4261 5487 769 8482 3758 476 7200 2377 5015 6142 1777 8650 7917 2534 394 9107 5873 6811 5785 3575 3805 1024
91 3780 7965 8015 9813 2765 7440 8256 5985 2720 1539 1658 3342 5488 454 6449 1396 7537 3823 9886 7623 8402 1505 5086 9338 4895 9192 6564 5490 8340 3450 6889 8935 334 7327 4510 7142 2479 59 822 3935 5987 861 4140 7522 2514 380 9007 7007 7925 128 1081 2435 4091 4597 5125 8003 6300 3167 7047 7677 2832 5143 5089 5463 8033 8211 3827 7224 6485 5152 8247 2082 9994 4204 5933 3833 2353 3599 7662 8447 1380 9198 7785 5973 9713 393 1749 4388 5203 2048 5711 4309 3217 1912 7917 793 8497 6072 4366 5395 5743 7089 9656 8461 8431 3987 3655
92 3012 8466 8774 8514 7837 6699 1377 3633 4048 7482 5611 9371 6164 7420 7292 315 8414 6662 6063 7432 1661 2956 7162 2544 2816 763 2361 1155 9070 7140 1872 8906 4616 7379 9224 4142 8375 4857 1135 2972 3728 6232 4409 1958 331 8604 1867 8664 7600 2419 2906 730 8482 8556 8334 5022 7351 8263 1216 841 8926 3702 3008 6168 568 6610 4897 6546 5744 2011 5990 7824 9291 6228 7320 5434 1837 4315 9959 2393 7216 7876 517 2150 7575 5507 629 7087 7175 7500 8755 9213 558
93 2967 4694 2826 2173 3885 3896 6976 9170 1634 5181 5301 3528 6816 1730 5936 2480 3165 1331 1471 3862 6017 4424 1481 4347 8562 782 1241 2423 2386 3057 4783 7428 9695 5106 932 5577 7614 8686 675 5686 6127 7075 2853 521 548 1146 1061 1820 564 7241 410 7324 6432 658 9761 6674 7865 3493 8855 8086 6309 7994 8247 7952 2375 6840 4455 8526 4180 3437 9097 4061 1386 416 287 3327 4479 7098 1434 6392 802 5738 3721 9226 8373 8611 5618 5428 657 9925 1395 4859 1664 7704 6827 7047 9311 8449 2242 5605 6294
94 9456 5010 4752 6972 5656 8070 9411 701 5645 2743 618 8303 2054 6009 2131 5963 5190 8002 360 2083 1862 1749 4022 2104 5608 8659 372 5 8634 5195 6268 6270 2077 8390 8844 2808 6117 6216 3968 700 4167 194 3405 8501 2388 2026 2097 8601 7247 9596 3957 7251 3261 9423 9618 8614 1718 3497 3491 401 1652 4675 9036 2417 1353 42 3186 3812 7232 3215 4634 462 8994 4095 1797 3500 3677 2278 2862 4324 3615 8088 9517 8093 9304 1316 5563 7384 1006 7504 8559 9480 3984 141 6290 8012
95 6268 1141 1667 915 7598 5241 7127 1369 9142 5200 8714 9923 3745 3453 6207 4811 8040 7454 9050 5026 7132 3187 3145 229 1149 4830 2723 9852 1576 5848 923 658 8515 3944 4265 2158 2476 4425 5551 6663 5772 2155 4773 2066 6595 4212 7585 6914 7878 2709 6187 444 2843 6799 7156 256 569 5721 8348 1173 4322 7263 8028 1863 5700 5021 5945 7932 2627 888 8060 2946 9409 2484 1401 9770 2374 1744 7382 7671 29 1395 5724 2676 5384 3119 4987 2602 7490 491 5610 3198 5645 9556 2367 3760 2618 1382 3152 5968 8135 9602 715 4184 2267 5895 6888
96 4278 2609 2043 9171 1764 1445 3317 7562 7810 8705 8429 6730 477 3948 4830 5035 8692 1964 6124 4310 6388 7369 8289 1837 362 3184 3810 2030 4424 4319 8052 615 7182 7132 319 8610 4180 971 3674 9659 8939 24 1426 175 9245 2538 7861 3408 8021 6346 2699 4286 1007 4014 9706 5246 6008 8642 4582 3760 837 3604 2506 8684 6620 2828 7449 876 9425 6096 2108 8164 885 2193 4266 3769 1572 3175 8367 6560 7813 4584 2283 9862 7064 2730 8288 9911 9852 3516 7155 427 436 9519 9262 3227 4100 778 2788 3896 7760 5082 7045 6538 4122 5389 3440 3456 750 4725 162
97 4846 9974 3142 1410 9939 9092 1306 1277 3024 9377 5237 7498 3793 1565 101 776 5892 8422 7419 358 8544 897 2917 9964 8574 5348 5737 2090 5950 4775 2704 9827 2171 4575 6440 2815 1616 2904 4720 2462 7000 3886 6134 1897 7338 7416 4759 9131 6661 179 811 2693 5831 4222 3365 3118 6136 5087 4066 9532 2827 2057 4067 9910 8373 2863 1970 3727 9191 8681 194 5936 5601 6791 5923 256 6482 1205 8700 5 5662 3302 8972 7513 6106 395 4631 5513 5141 2004 4635 3219 4156 610 8788 2665 8613 7572 7874 4018 8090 300 620 9746 9068 3898 8082 3318
98 5348 2273 8281 7259 1988 595 9241 1390 7866 5660 6807 2968 5366 1522 9254 584 9700 1294 1068 4423 4100 2230 927 3385 4676 5632 8978 1989 7999 2493 7046 2802 7849 2214 3285 8241 5326 8668 9412 887 3273 733 6265 473 5787 4410 5152 9792 454 4485 3810 5771 9977 5459 4804 228 2084 5824 5652 3500 5659 652 6913 390 391 7521 9002 2351 1345 5983 1549 2788 952 4685 4387 7278 7706 6039 6926 1300 7243 2490 5790 5988 6783 876 4871 6348 1882 4921 2397 6240
99 7805 1567 1125 3124 2016 7486 4477 2141 9541 656 5968 3491 4390 7167 7884 6195 3557 9583 809 6452 2737 9154 4048 2073 4340 6978 965 5638 7782 7411 1113 1307 2395 3539 9468 7395 1277 8779 6925 2912 6472 8202 5569 5765 7619 8197 6427 3397 333 6783 1335 6125 7508 8509 5679 6081 6232 1374 2832 2197 2795 7048 5189 3392 8778 8656 536 9807 6509 3831 4282 8716 6726 5035 8642 396 5194 9935 5961 9280 8644 8257 852 8012 6469 6549 3954 3157 8186 7248 9914 7623 2042 6072 3614 8275 9830 3994 397
