500
0 3041 3778 7656 7368 8814 3792 7153 4850 1745 1276 9587 1590 1849 8155 860 702
1 8577 1037 5265 6430 7712 1825 3363 6826 822 6329 2886 3144 1356 5206 2139 995 5480 5737 2795 3053 7278 4079
2 9539 6282 7566 6703 239 7278 818 6291 8276 8595 3831 8952 2173 7742 7613
3 4096 8898 8580 2404 8009 6347 5164 9998 2834 9779 6066 2647 6906 5083 4286
4 5634 132 1031 5908 5654 7063 9627 3739 3743 5799 8361 1325 822 9913 1344 9154 9423 9552 8535 8162 8038 2663 2152 505
5 9312 2211 9220 7622 3051 7503 4591 2320 7060 4148 3092 2969 1340
6 5281 2179 1891 8261 7686 7239 4590 4942 3984 9009 5266 4990
7 5698 1347 2372 5700 3684 9927 5160 8996 4173 464 5778 9306 8956
8 8000 8577 1123 5158 5030 3980 7148 6769 1909 7286 2365 477 9918
9 2784 289 1700 3172 5261 3091 6836 6046 7994 6425 6041 7579 7484 3774
10 8161 7170 2500 7493 1285 6605 4432 6033 3314 6549 5878 4441
11 4768 1059 836 8196 2726 1928 6063 5489 3377 819 4025 9884 5085
12 3521 4290 355 8898 8038 9799 2378 3341 6190 7441 4722 4693 4826 6366
13 6754 2180 5542 5671 1512 6985 235 1773 5871 5203 5588 8629
14 8515 7750 3788 9420 2222 3086 3792 8818 4403 916 3417 9690 4893
15 8097 8867 9159 1608 7081 5882 5676 4846 8151 9207 244 4502 1239 5590 1178 3293 2111
16 2816 6464 8709 5799 8 9388 5934 3920 8529 6323 1172 4403 4567 2329 5790
17 2434 3085 6798 3999 9506 1831 4904 5162 9903 7992 6844 2752 6857 2762 7755 5072 8284 2419 244
18 5445 8261 4327 5066 4236 492 4975 2449 5490 6739 1849 6043 4351
19 5890 451 6916 1639 3342 6511 7503 1874 8308 7253 2360 6334
20 1957 5673 9521 9234 1365 4567 2584 1596 3261 1151
21 6561 8415 4771 2058 8428 4750 9455 8144 7152 1457 1301 4767
22 9442 6533 5030 4391 4072 3689 2090 5799 947 2103 7319 8189 5471
23 7010 3327 6184 4523 6574 8402 5460 8437 5239 186 5947 3645 9502 4287
24 1660 1286 4104 9514 7951 9009 8412 5238 792 1689 4954 3483 1916
25 8669 6886 7117 1293 6481 5560 7290 2555 7549 319
26 3745 7970 3907 1699 1507 6310 4840 7785 7662 7154 3061 726 8151 5915 3676
27 9920 7968 4736 7397 8647 7368 1547 8332 429 6286 5776 9434 7356
28 8356 3268 9542 3337 7529 8269 1198 494 5137 3857 245 2743
29 5601 8097 4965 3206 5706 6795 6671 3954 1331 7571 2386 794 7326
30 7968 4353 9378 6021 2054 1610 7244 9389 3726 5391 4909 2702 5676
31 512 8836 6731 5676 3181 1294 9681 4500 6068 3060 6391 7449 8796 3934
32 8002 9602 9251 8615 4554 1387 6574 9296 81 977 4049 6160
33 675 612 2601 1258 6956 2318 5487 6702 4979 3892 4533 2846 5119
34 4161 1602 5794 9836 2224 6065 691 3284 5589 2805 826 5437
35 1888 4352 9698 1090 4644 9123 1222 4295 5128 5137 1462 442
36 4099 1893 3238 871 7852 7437 6031 4529 2613 1910 4664 9049 1823
37 4352 7777 3394 7523 5449 5482 9645 6878 7471 1455 8529 4531 345 5340 2750
38 6532 39 745 940 9708 2035 5524 5139 9684 6935 2682 1755 9018 3614 6907
39 2145 3361 9571 3995 1215 3080 7757 4093 7667 6395 8573 6975
40 2497 1825 4068 1637 3183 2999 1105 181 2198 7990 6297
41 6080 1602 6148 4228 102 1895 4136 6628 6666 3403 1772 8269 4430 8383
42 4352 3429 745 1547 2604 7051 5903 5490 274 9012 7892 5463 922 7003 956 9405
43 1536 8765 4808 7020 7025 9842 532 5303 4445 8669 7613
44 1504 4352 8547 9285 9766 1062 3784 7305 6953 5647 4688 4626 4953
45 1345 6242 5284 3494 8551 136 4301 3504 8082 6675 6327 7867 7965 8535 4799
46 4710 3688 2379 8652 7794 4787 5525 2359 4728 7641 6394 8891 4957 1886
47 2528 1953 3460 3512 5882 7626 4522 5420 9135 177 1811 6487 7032 2682
48 8544 4192 9922 9088 4740 1409 7208 6345 8685 8304 8921 5845 825 5949
49 321 6787 7492 2981 7524 1955 1004 974 6481 6833 8825 7195 4476
50 7366 6792 1193 5833 3819 8908 7535 8946 2931 6456 1307 5341 8542
51 6976 7463 8712 5130 9836 5040 209 5299 4148 3958 8567 5910 5275 3036
52 3144 2699 8685 6999 5918 8593 8177 7859 6900 1911 8506 3611 3293 8254 7455
53 3904 2724 1030 168 2955 9744 3792 2931 3926 1913 7962 8988 5661
54 5728 4994 4973 813 92 6770 9395 9108 1816 8922 4184 1404 9789 6907
55 768 1089 4579 5635 2344 330 2839 4113 9620 4949 4343 8346 2391
56 3708 8860 4290 5382 3623 8327 7654 9644 9836 5455 5877 9781 7547 2780 7167
57 4736 9471 9828 1316 6788 8106 5098 7567 3668 4789 89 5979 6909 2783
58 5538 2147 4292 9158 7146 9228 9453 6798 1423 177 5399 4153 7354 8477 926
59 3206 5895 4712 7435 3149 6030 8941 9679 7089 9555 6327 6426 6463
60 4642 4835 9831 5338 5132 4269 7439 2580 7706 9308 3741
61 3873 2785 5572 868 4203 1677 9230 1199 6159 5145 3066 1340 6941
62 3 8035 8261 7079 4744 939 2893 6707 6424 4730 59 5823
63 5952 3299 676 6662 7686 3596 273 4787 3795 8186 6173 670
64 2951 7944 5031 138 8139 9994 751 879 7186 9108 9621 8566 1556 9084 3038
65 8578 8515 100 3557 5799 8969 4138 3276 7981 1849 2040 9625 3711
66 5376 8352 2432 7076 1241 4937 2634 6186 8696 1753 9309 1630 8287
67 1664 5852 8516 2409 8746 1707 8430 2479 6798 5206 6487 7447 8478 9439
68 3808 8295 1560 1291 7660 2702 7953 562 1907 9332 7320 1241 8219 8028
69 164 4389 8901 4231 5948 5835 557 1326 6993 5938 4244 7189 1212 6749
70 6980 5573 6886 3688 5707 4716 6795 2830 3314 2708 5948 6141
71 96 2081 3586 8997 5195 236 9805 6636 3792 5137 5465 699 6046
72 1124 6693 4517 2566 4969 1101 3215 6647 8793 3995 7230
73 2465 6210 5924 9572 4776 2107 4136 496 7825 6833 3579 9813 4919 7576 4698 4539 3901
74 5856 9088 66 4327 1320 2697 201 460 9165 7601 7930 3966 5375
75 4960 7969 3330 7900 4003 3815 2091 5195 173 750 9295 1902 9238 3611 8252 7071
76 3744 898 1795 6951 616 1320 2506 1450 1578 7468 1615 2932 8566 1560
77 6625 1669 8391 1323 4204 1006 7088 3642 5339 6460
78 2561 5799 9546 5868 4270 7953 6995 8915 7987 2616 8670
79 100 7814 1062 1894 1705 1895 6795 5677 8045 1937 1586 19 7613 510
80 608 4129 7816 8496 976 4338 9203 9584 7701 4441 2491 7613
81 3809 9569 4091 1051 3049 7370 5707 5647 561 2839 9019
82 4995 8484 5128 5294 6895 6798 4596 8790 4887 632 4215 8950 4062 3288
83 7712 4995 6151 9608 521 4554 7407 5458 339 4532 567
84 289 4260 773 9158 8300 750 7471 9332 7797 5111 6363 5084
85 8704 6465 1989 5030 8830 7436 5901 2238 5680 8596 4279 5656 6329 6908 7102
86 5728 3138 2888 4570 8083 7897 7705 762 479
87 3300 2566 8489 5999 2863 5170 3795 4920 4318 9631
88 8705 6020 9124 4490 5258 8908 3792 4756 2677 8121 1471
89 7074 3588 5125 7173 3241 875 332 5676 9807 4336 3255 569 3645 3199
90 3649 4164 1606 8137 394 8944 7825 434 5428 9982 6975
91 8224 3048 3625 3434 4989 9753 7155 563 4056 1208 8924 6653 3614 2975
92 6848 7842 3575 4860 2605 8430 6895 724 4726 2391 3798 8186 827 2716 157
93 3776 8321 1156 5019 9893 4441 6380 2644 4377 6843 3164 8030
94 2373 8808 907 4876 238 5871 4273 245 3292 7262 255
95 2404 4679 3306 4176 3857 2836 9365 9684 9720 30
96 3008 1215 7590 1898 6282 7005 9201 5137 6998 2552 5437 6207
97 8353 1156 4070 4391 2184 5882 5799 9995 7085 4946 5461 698 6524 9406
98 3010 3747 8228 7269 3043 42 3500 1965 9584 3410 3412 4342 6553 5598
99 5283 1027 9798 7079 3273 5387 1291 5707 8432 7697 8787 2613 7067 2749
100 121 8331 9803 7435 8526 7793 8562 5522 1428 4885 4722 1209 4763
101 9026 6754 3558 393 1834 4014 623 5648 4278 3350 1660 2878
102 1666 2178 2027 4845 7893 6134 4824 1597 8542
103 6592 7425 4736 5956 5574 1606 5002 7083 4016 7280 2101 3191
104 673 2244 1350 263 2090 2699 9015 6574 8690 8820 1429 8535 2459 2366
105 7008 8097 5640 8264 5837 9753 7857 2772 8953 7381 4792 5209 9087
106 772 4613 4264 1560 5418 8047 2352 4085 9366 7992 3801 3931 991
107 8097 5221 3269 5098 683 8830 9070 7189 3000 1912 796 30
108 6178 105 394 8490 5388 8560 947 8085 8890 1690 5311
109 2370 6053 1960 6666 9266 5301 9334 8567 1241 4666 1629 30
110 2328 7105 1349 7368 9776 307 21 2232 6620 2204 3838 959
111 3041 6409 3371 4717 3984 6033 1458 1042 6096 6583 8600 9916 9886
112 7105 2122 3276 9836 9681 9747 5107 501 2774 9495 5653 2653
113 4865 8097 5828 6266 3688 2313 2154 7274 9071 2287 506 7037 2239
114 9280 5858 1830 5897 6316 6893 8205 1901 114 2038 7576 1849 1502
115 7040 643 3973 8869 7303 2604 9452 6798 6355 8918 698 1242 9020 7679
116 6405 5062 8261 9673 9578 9836 1965 9678 5134 7763 4437 8441 3130 4859
117 5857 4545 5571 1670 1035 206 6446 6235 6875 1854
118 6656 5728 9123 2693 5675 2891 2926 6127 8018 8819 3193 826 4187
119 2720 2883 6409 4745 3723 9676 3277 3924 5951 8568 313 7195 1886 6943
120 8900 8988 9256 3819 4813 4237 5713 1171 1143 4151 1431 7900 7772
121 4673 5890 4676 2182 8940 5903 2544 4149 6041 6586 3547 8285 8063
122 7106 1830 9671 8394 7884 9264 8119 7220 9431 3192 1112 895
123 1979 5157 4935 7750 7919 8081 5586 8661 3669 25 3035 7773 9791
124 3168 9344 609 8829 8261 2920 5882 2858 4459 4235 2608 3632 8596 725 2490 5661 5567
125 3395 3814 1800 4489 3371 2955 172 1421 8275 2455 7099 5340
126 1283 4004 7045 656 9266 5428 4309 5050 4893 3998 7935
127 8097 610 9638 6761 9196 7148 6510 2129 6034 9042 6356 1330 537 6652 2557 6494
128 8097 5030 2507 6251 3246 7694 4400 1650 275 1752 5019 9085
129 3906 9349 805 7370 8939 5228 1488 3249 3193 6939 6782 6335
130 2432 3075 9924 2153 8649 1612 9549 4398 6416 6032 1237 1177 7739
131 6883 9699 1347 7272 3661 9326 8111 3536 4720 5361 5264 9395 597 662 5752 4825
132 5955 3304 4072 4906 941 8046 2991 2864 3320 4441 9722 5854
133 8740 9350 9081 5799 6284 5454 3919 5200 5937 7765 2870 5145 5630
134 2496 4997 6087 4935 3847 8047 9747 4339 9977 5594 3033 4638
135 4995 2723 2629 7878 1766 9705 8780 6382 8661 6230 1849 3097 6429 9085
136 3619 804 7686 9385 4906 1259 2924 6186 2158 7310 7154 1945 5054
137 8128 5788 8386 7587 5258 5392 6897 4947 4084 1560 1339 284
138 8929 1666 7267 8356 4985 3717 8870 136 1284 8234 8620 7860 822 8441 6394
139 1666 3110 7304 1948 5882 2988 9836 6768 4914 7315 4885 4186 572 1789 8830
140 2336 5345 8097 5124 4997 3396 6181 1210 447 7151 9488 2364 2170 2332 2079
141 6816 4129 2084 2791 8873 6378 8463 4177 2932 3866 2747
142 5408 6244 3754 91 4267 5647 112 9681 4977 435 2453 2138 2875 733 4542
143 1702 2535 3678 6219 3787 6285 588 6607 7345 3923 4310 4222
144 9985 2915 5060 5445 3493 4645 6088 5285 3793 4146 1362 1011 9109 5140 5660
145 768 4801 6915 1064 8393 776 7368 6542 6510 2094 3666 8596 8085 5972 189
146 34 1607 9767 2698 1195 2989 366 3951 1456 7567 242 3792 6326 3480 7352
147 9701 8390 6766 6542 3632 627 7935 1847 9081 7452 5085 1183
148 1089 99 1543 3084 3053 400 4729 754 8947 8882 9686 9625 8378
149 2305 4034 5796 2662 4296 8426 9450 3255 3416 8890 8283 6455
150 6116 2854 2696 7689 3144 7641 4621 813 8175 80 2357 3705 2458
151 9152 7427 3717 2893 1422 5454 8144 6741 3382 3576 2745 4602 9148 8351
152 2 2949 8422 1320 7433 1865 6958 5748 6102 4378 5467 1055
153 96 5545 2513 1555 2364 3959 2008 6838 9403 5151 7479 8575
154 4934 7559 6374 6921 2094 3505 3893 1306 2587 5852 4317 4702
155 2785 7202 4707 4422 5030 458 9866 622 9167 6288 7151 5234 8086 6616 2684 1535
156 7810 8898 1705 1162 2505 7116 6317 5194 4081 1752 9753 6749 9886
157 68 8550 9901 9043 660 1972 1974 3795 7352 2932 2526
158 8450 4708 8421 3589 6058 9791 2702 6543 272 8849 3247 4948 9686 9335 310 4927
159 1157 7430 5481 9485 494 2513 4754 241 4888 856 4666 4220
160 4544 1409 7876 2918 8071 6918 7622 2828 7245 3726 3311 5650 2199 1402
161 9443 5414 5831 8040 12 3021 6798 3311 1591 6808 5019 1084 766
162 4960 3681 1825 9027 4736 3626 331 1291 1009 2001 2078
163 5921 9060 6886 3014 6602 8686 7120 4177 1302 4120 6329 730
164 4323 1380 5799 8265 4235 173 1934 3959 8273 9622 7607 1880 4121 602 1435
165 58 553 4202 8971 9835 3087 5743 1776 1588 1237 7386 7066
166 6884 1159 6599 2601 4490 5166 2706 6611 4914 1241 4987 5022
167 7937 6946 8202 686 8398 3312 1489 5647 2554 1950
168 6721 5025 7555 713 8458 8938 7692 3150 239 8983 1241 2236 2335
169 5157 7336 3528 3144 2220 4078 6806 279 6458 8637 4030
170 8898 3043 7075 3494 7690 8334 1039 2928 7054 3727 2702 4948 2557
171 7397 7593 8649 139 8364 5869 5999 1040 8368 7027 7892
172 8351 4065 8225 6976 4736 4171 6732 142 4590 7279 9426 6613 3894 3935
173 2912 2177 9377 4388 5865 2633 2378 716 3983 8530 3319 506 8319
174 768 1601 1957 8073 1292 2350 3440 7827 4660 534 4956 3934 6687
175 4770 4419 7907 6438 6122 5647 6161 2546 4245 8469 2167 3613 2815
176 9337 5508 9898 7659 7679 8877 6348 3212 9162 8659 5049 1081
177 5472 7745 7778 7210 6666 1455 4561 7795 7029 9493 9783 56 3094 253
178 7607 1890 7525 2918 8904 7533 3405 4303 1495 2008 5849 5535
179 8257 4130 4645 1766 7430 5285 3978 9963 5163 3501 5487 8723 9400 7004
180 8256 9313 5984 8261 1375 1031 2123 4236 3606 4185 9535
181 6689 4609 6499 8261 2118 5831 1544 3689 3563 9612 8908 6768 5687 6072
182 1888 5089 1218 6148 2597 4741 461 9791 6831 2964 2453 5814 3068 6623
183 2528 5666 8898 8902 1864 5226 5706 5229 1549 6577 5458 1042 7796 9050 1307 4412 6687
184 1824 9634 2149 487 905 9707 4108 7564 9874 4312 1241 6683 7932
185 9889 8097 6052 6552 6445 974 239 8982 8504 5947 4700 2495
186 1793 7555 6438 5799 7372 3116 4176 2645 2453 6969 7226 5084
187 2277 2568 4044 8974 2418 7348 1333 1369 1658 9947 9404 7102
188 8898 9274 2821 9416 1769 3116 3022 8723 5590 7960 2842 3933 9502
189 3944 5737 588 5004 4463 6832 1394 1621 3127 7672 6268 6716 8286 4191
190 7841 9025 6626 6789 9958 1962 5963 586 3320 3007 7994 9119
191 6179 9988 4265 4011 6030 722 4532 4437 7191 763 6141
192 8000 7586 9987 9511 808 4554 5645 3277 4719 6798 4406
193 4128 705 4352 8195 9503 1350 3591 6413 7437 3600 8465 7090 3282 3090 8532 2167 1690 9311
194 5153 2946 3362 2884 3267 5762 4263 9128 2824 3946 8168 4042 4969 850 6931 2847
195 9056 1059 9477 1820 6920 8584 3144 2731 45 7314 2678 792 7580 1980
196 6496 4638 7145 3242 5678 1903 9647 6612 5813 9301 9562 5980 6078
197 4736 5892 263 7687 8746 3243 4235 4442 7564 8880 6608 3547 8089 6810 7515
198 6336 5345 9249 4352 1511 1479 2954 8954 4430 2288 2932 25 5658 6907 9244
199 7428 7844 9476 6635 9259 5517 8622 2347 8666 5907 5396 2932 3190 922 7935
200 8387 4549 9801 1769 1995 4969 1645 1104 434 2227 6647 8378 573 4094
201 8544 6049 961 4644 3109 6919 2508 4878 9872 1072 5975
202 9623 3012 3812 9670 1738 5196 3118 5904 179 2932 9718 1207 3000
203 6720 289 4066 8003 4736 3911 6985 7442 8115 5815 5179 3837
204 99 3204 8743 7079 331 7314 7955 9428 7988 7765 4920 3807
205 4515 9159 4441 7882 5451 5420 7536 3573 213 3833 6876 3612 4668
206 5088 646 1607 3144 3626 8234 204 363 9836 9683 3413 348 6136 5788 8030
207 2176 96 9539 6503 5419 6091 8492 8907 5484 528 9714 8026
208 7586 2466 1768 9481 3754 8338 4979 4342 9751 3581 8830
209 7078 7531 3246 4014 9556 5845 341 8631 7319 7961 6426 2812 414
210 4003 2725 4487 8136 2217 4396 5709 2286 2065 5299 4820 8061
211 7649 2978 3011 3396 805 5865 4906 3978 4363 9549 7344 9489 720 7737
212 8899 5254 4331 8715 8365 9227 1453 4176 1771 3819 5171 6520 8698 7675 8188 8830 3807
213 4736 1540 1926 2761 4107 4205 4655 2165 3158 4696 4281 7292 4541
214 4352 6281 6251 4174 4814 6674 3764 7675 9944 8186 6587 9084
215 4192 8481 9415 6567 8329 8106 5192 1708 9357 8818 8533 5405 2589
216 1410 7493 2717 1863 6474 4524 172 591 7475 2427 2652 2173 607
217 6912 9761 1605 4969 7406 4593 2131 9747 7285 4054 3416 7865 3711
218 676 1284 1257 8951 2412 1039 7599 7283 4532 7702 5559 3709 9310 6589
219 6946 2659 5892 4902 3944 4393 9836 2957 1614 755 2519 2428 2973 9982
220 700 7333 7205 5192 3945 7210 2031 371 4884 7957 6808 9307 9564
221 9665 3683 1606 7209 3469 5391 6447 822 8700 7037 286
222 9792 1764 6662 1030 810 5964 525 2862 8141 6642 4696 3997
223 192 4161 5952 6598 7247 305 1489 594 1684 4532 9146 6908
224 7359 1316 6821 8165 1831 1256 6569 6154 4876 81 8657 9714 9077 1084 479
225 7041 1379 9864 6666 6320 1745 245 5590 3385 5499 4253 3934
226 65 4099 6468 5321 4972 5676 7928 6065 4496 467 1908 4757 1688 7741
227 1368 7332 774 5576 2315 7870 173 5841 467 6264 793 2974 3615
228 9989 550 1830 5480 7561 6076 2800 3218 210 534 9751 822 6652 1757
229 9537 3137 8583 9227 6668 5517 4206 8207 1811 4054 4824 5945 5882 8667 8189
230 4544 5538 1229 9459 980 9463 9624 8377 8701 2270 6911
231 4483 2596 9957 9736 9455 6448 2579 8247 3030 2615 8508 25 5882 4796 9854
232 9123 1606 9991 1610 3435 365 6132 2069 4950 6167 9305 3290 2559
233 7241 6795 6701 208 2033 883 3254 6135 7386 8092 1534
234 8898 5916 1866 5834 9868 5357 3950 9841 2899 5182 5144 7996 5502 8478
235 7812 6853 4168 1385 971 6509 5103 627 1331 9494 3483 8830
236 1728 5282 8711 4616 3399 7368 9038 8464 2385 8147 9524 3252
237 4385 3365 5383 574 4744 3441 1043 3766 5367 6363 3836 5438 9663
238 3584 4769 3937 3683 8739 8742 7494 8615 1930 2067 4413 9791
239 9954 8642 7621 1511 1095 4969 3339 6260 7061 2364 9719 6872 9113 3196 2334 5535
240 8162 8418 5444 1160 5645 7928 8278 7158 6744 8986 5340 9791
241 6497 5591 9477 3013 3965 2094 18 6995 7251 9141 9751 7708 4093
242 2658 5726 8714 4267 142 8238 6798 7217 1556 4469 57 5596 1854
243 7971 8039 202 9681 5299 1588 2965 3190 8665 4539 7292
244 4002 262 74 7115 7660 2045 2610 8692 1849 282 9916 8413 6686
245 6720 3490 2372 5224 2477 7694 7918 9010 6420 6964 6166 2132 5882 6300
246 6848 4287 7650 2178 1897 9675 1885 7661 4080 5882 2141 6558 2047
247 2561 65 932 7812 2980 4202 5355 6186 5293 619 6448 3792 7220 216 4538
248 1986 7138 1156 2692 3750 515 9192 9616 3185 9721 1692
249 1665 5828 5893 7499 6458 8301 3915 5967 4427 7898 7420 5407
250 1088 4736 9186 1337 2441 8400 5013 6262 5621 9625 3228 6463
251 4992 192 5826 9447 7851 3148 3792 7313 118 6073 4026 2813
252 3392 3681 2080 9471 2916 1223 8139 301 6798 4690 626 1911 8799
253 804 4585 4329 5676 7761 6071 6328 3007 2588 5693 9407
254 5890 4356 6725 4518 4296 2807 8652 2927 7313 7026 3380 8277 1396 791 8667 3613
255 5539 869 7078 2405 1898 9036 1135 1296 3611 1242 2843 3391
256 6721 6305 2594 9379 5897 298 2609 1886 819 5747 7582 2271
257 4132 4516 796 1959 1288 2958 9582 9328 6065 2799 8308 1270 6678 7130 9531 9628
258 3329 2625 8797 4998 2443 5681 7956 4126 8025 4250 9180 29 7902
259 5025 516 4517 9382 6087 2316 8815 9424 3508 3797 1820 6687
260 7458 6821 8102 904 5163 460 1196 403 8147 4532 4632 8090 1882
261 8065 386 2465 1979 2182 5799 4890 2194 4565 4790 7765 2264 2490 2203
262 9024 3874 8898 5799 7113 9199 6483 6523 9845 7611 4345 1754 2843 62
263 3749 5413 8551 3303 8165 5035 5676 3759 2418 9109 8472 2204 7199
264 2977 8994 3041 7879 4393 8843 6061 1742 9970 4882 4791 8088 6426 7900
265 5249 3940 6663 1320 7594 7341 5325 2381 5584 7346 7734 5756 9565
266 864 9153 9729 4004 3049 5676 5455 2736 6034 2551 8472 9369 1982
267 5894 5031 3851 7371 5644 2989 9999 5072 7756 6770 8157
268 2209 1955 6663 2375 1320 5418 1517 9808 3120 9333 9944 4953 4827 7293
269 5377 9510 8902 1542 1831 8684 9422 1970 3348 7899
270 8640 8259 8924 8677 4709 7303 4860 9802 9482 6320 6547 6484 9148 4189
271 483 7559 1451 9791 8240 7280 9468 9528 7549 9563 7868 8221 5279
272 6242 9058 7047 744 6317 1392 7088 9524 2932 5499 8605
273 9729 1923 8581 3463 2377 3733 4661 888 9465 538 2396
274 704 8481 9283 6980 6150 4871 5353 9034 6098 1748 5268 2776
275 3682 4483 9094 9896 458 460 4493 9904 4404 1942 7254
276 3265 9443 5316 2469 1572 6727 4168 779 4781 9838 3792 9268 6838
277 9600 8290 7845 7749 8261 6795 9037 8340 4820 5880 4093
278 3396 4006 3015 1803 397 2958 6395 814 7515 5236 7157 5592 8251 1789
279 5859 1511 4112 2996 4693 7477 9239 9592 2748 8830
280 9088 2273 859 9860 4266 2861 7757 493 4013 6574 1395 6611 4949 7828 7223 2329 3002 2203
281 9220 2501 5222 7049 5162 4206 5809 8689 9495 760 3483 8252 7230
282 4352 3590 6439 8936 9640 4083 3989 566 9525 4826 3295
283 96 8257 8898 4039 1674 332 7566 1902 9201 7697 1791 9911 5369 923 6687
284 6720 7203 4327 2344 9514 4651 9388 9645 8590 5396 9945 2653 7902
285 9760 7329 6274 7554 1473 8261 6726 9737 2537 5999 5521 6230 7768
286 3456 7297 6562 4323 1604 6819 8265 9802 7243 3021 401 9845 282 5083
287 96 7361 3459 2180 2725 7974 2984 1103 847 1903 3924 6679 8824 7994
288 7521 9002 1771 7596 5132 8942 7439 2094 6769 817 6323 6516 3831 1816 6682
289 8545 7107 5799 8298 3723 1709 4463 5360 9970 5522 8819 926 598 4664 7929 8924 1533 2398
290 6112 6049 930 6754 1547 466 3319 9849 60 2846 767
291 7104 6017 2243 2564 6053 2726 3080 7050 7340 5261 8528 1112 287
292 1670 8551 231 5193 3689 9259 9097 9681 5777 2481 7092 501 5299 791
293 6371 9347 8101 9799 4968 1928 4329 1036 7148 9618 2962 3157 6456 6457
294 9602 6629 6181 7432 3020 3533 1484 9007 2932 2869 6998 285
295 3041 2435 195 8296 4399 4047 8721 1396 1336 6202 3455
296 4352 8513 2181 1990 4805 6859 1356 8401 9235 7668 8499 7062 6329 1020
297 9153 3714 5281 2216 1160 3730 8787 52 4276 7828 5689 6201
298 2601 5453 7501 5583 3535 1549 3792 5844 7829 3383 5432 8319
299 992 2530 2978 7749 7686 3210 8653 335 2993 3506 8151 248 3162 9535
300 2465 3810 3623 3176 617 5608 4397 1072 5681 1778 341 4412 4380 478
301 418 7138 677 8681 4297 3218 3732 822 2135 2201 7133 6910
302 2017 803 6572 76 5119 367 369 2777 6422 9846 6745 1307 2812 6623
303 8067 3107 9189 3242 7948 7149 9293 7823 306 2867 4181 9243 7932 2109
304 128 5921 9922 4235 1771 1103 208 3027 4469 822 5659 9087
305 7364 9380 7942 4135 1288 2187 3916 5676 2479 3515 2808 1147 3614
306 4001 3975 5735 7629 9521 7186 9169 84 661 8533 1781 83 821 828
307 1793 4034 1828 8645 2663 8937 1386 8883 9077 4635 6971 3580
308 9092 1241 5261 6004 2777 2934 7958 8279 4473 246 2525 8447
309 5756 5767 4043 2668 4940 6220 9551 3855 1489 5652 1590 1046 4060 6557 2366 9791
310 4736 833 2278 1704 8841 10 1615 5936 2039 1786 4509 414 6815
311 6368 4259 6342 3176 4904 8463 6289 3999 793 2397 5503
312 5282 132 9093 8038 134 9960 2983 5001 1613 782 5873 8243 1843
313 8391 5801 9454 5816 1886 3954 1175 4408 7962 3645 6526
314 1124 3301 1191 1097 7065 1133 5517 2454 7479 313 3834 988 9277
315 1636 9291 8365 3021 4564 2870 7063 4506 5819 6364 3869
316 5185 1400 5573 6568 7913 1737 8847 3471 2319 5040 5647 4120 6810 9499 8189
317 8224 8544 3010 8136 9930 5362 3539 405 2646 5943 4027 3423
318 5920 7201 6752 4579 7556 8161 9802 7531 9706 3819 6266 2011 9661
319 8128 4260 7621 7435 9618 2676 3668 6646 4118 3765 1148
320 2525 9573 1574 2919 2590 5646 9518 688 3826 6771 1910 5400 94 4861 4382
321 5124 9285 294 9799 1413 6697 1748 2932 3095 3420
322 4352 9091 4036 4456 1196 9773 977 6364 3671 504 540 8221 8830
323 6052 1484 1710 8189 4146 55 3767 3800 1817 7101
324 2338 4676 9189 6310 165 3015 5836 1455 3355 7280 8595 5846 3003
325 6240 5989 3015 4201 9809 5461 2297 6715 8348 2525 1823
326 1250 4709 4551 5737 1196 3887 1361 3473 3731 5940 7736 9854
327 3169 1953 4453 390 7878 490 2858 5357 2702 5499 2104 4474 8443 7994
328 3906 3396 7974 2858 9015 4815 467 9940 7859 6419 7415 7737 3355 8348
329 4705 3370 5517 7790 3762 7000 343 1304 6104 5017 638 2431
330 7681 3512 6503 2318 7729 4662 3830 856 1562 9403 7007
331 5696 1889 1187 9348 1190 4519 9610 908 3886 4506 9552 6901 3800 1241 1306 5340
332 5377 9789 6024 2185 1560 8715 9514 9713 9079 9272 5401 5335 3163 93 8126
333 611 8453 3397 2919 5799 9129 3818 3787 2955 686 5176 1273 8477 1021 830
334 8964 1414 8203 555 8107 1358 8302 6776 2133 4181 5366 3544 1241 2299 8764
335 1153 2023 5704 873 6378 7180 173 4178 822 1722
336 1218 6285 5326 3342 1361 4052 1142 6038 6329 3962 4859
337 3842 5827 967 5959 5992 2025 7628 5646 3859 8436 6231 4375 5974 3705 9052
338 8545 3940 8293 2790 7815 1863 1895 3944 6090 1670 3885 7537 5299 1876 4309 1493 6649
339 3072 2080 6434 6946 9465 4423 4526 9327 9363 7416 3577
340 3200 4802 8450 2501 8261 7495 1407 4717 4880 2711 1436 1663
341 8097 5256 1097 6441 1514 1488 4498 1651 9042 7837 2143
342 1250 421 3948 6893 6574 6416 5234 1432 604 6622 6527
343 4448 4768 2785 6754 9541 518 7590 7944 1739 2156 4814 818 6387 1817 1083
344 2372 8581 2983 5577 3594 236 4974 8145 2612 9339 2461 8830
345 5792 9600 1221 8165 8105 8746 5929 5164 4051 2485 8830
346 3489 3587 7555 6949 7207 2311 7690 8830 4460 6765 8718 7500 4307 9273 1594 8030
347 5413 9959 4008 457 5799 6157 238 5425 4054 8599 4313 1214
348 7904 9153 8162 7621 7369 5260 3601 8082 7954 5118 3551
349 6411 524 3085 7244 1488 1777 1204 3189 2684 3261 3262 8031
350 4739 7686 520 4107 5139 3874 5795 9011 6839 4282 7359 6976 193 3014 7623 78 7894 8924 1131 3831 4857
351 5315 4132 932 6180 8200 4968 6792 6828 9391 4113 7902
352 1058 4231 7883 7212 9356 3917 8400 5202 7828 4213 4922 350
353 5702 9414 4441 2025 3658 2989 7533 5165 2193 178 8659 1077 4823 4409 2650 4511
354 8768 2977 3650 9701 7176 3368 333 8175 3568 5906 8789 8216 7326
355 33 9439 1666 2315 1772 9613 3693 5198 9791 7642 465 629 2775 7610 8765 2303
356 256 3173 5061 8261 2217 3023 8980 8790 1879 6393 6458 5883
357 4864 9408 2694 6887 5768 4266 586 8830 1261 8078 3409 7060 7286 4126 5854
358 9088 8833 2082 1507 2850 3144 3211 4459 3374 6511 2514 5234 8857 6907 6780 5631
359 7301 7878 3977 7531 4461 8016 4241 9330 5653 1879 6777 6202
360 7008 8066 970 6571 5837 6223 7152 8626 7315 3798 215 1817 2653
361 1120 9509 6795 5901 7885 4657 373 3701 3031 8794 7899 5276 2335
362 9536 7552 3041 6404 5610 4779 8016 690 9043 1554 9111 3001 3386 2175
363 2500 4807 7978 4941 5486 3725 9904 9843 2420 1886 2623
364 8579 868 7589 9957 9471 1545 4650 7892 5236 2041 5980 4063
365 9636 9612 1838 527 1489 2261 1368 8345 5595 3708 8249
366 3238 4523 8398 7471 686 6448 2032 8883 8469 5882 638
367 4160 9728 614 8618 9067 4493 8430 80 2321 2806 9624
368 5889 8261 3608 6186 5643 2317 8655 4881 9074 888 184 6970 3582
369 1633 6850 2915 3773 5287 3498 684 7021 373 7609 8955 8317
370 7264 3169 1217 9923 9091 9187 581 4664 5486 5552 7960 2559
371 1184 4706 8741 6535 2541 9072 6225 3986 8117 4375 8729 3034
372 7194 650 3981 6798 48 7642 850 9563 2101 6326 9274 1403 5308 5018
373 4550 1896 489 1320 8398 6097 8817 8369 947 317 6013 3775
374 6178 9443 4003 9542 4873 139 4972 9716 6709 5268 5882 4507
375 1633 897 6051 4791 1751 6228 8342 7415 2746 7803 3933 7294
376 1251 6884 2915 3974 7495 8808 1807 5936 6800 3984 8438 6774 8311 2557 3390
377 6691 6404 260 3689 3819 5135 7313 5944 6483 6356 9173 4180 1368 8346
378 2752 772 9956 7462 5736 8141 9626 9265 116 245 2998 4628 4441 2042 5179
379 5728 2818 867 9924 4266 569 3888 5105 2132 6969 7768 9433 7994 8028
380 2820 3428 8261 6087 631 39 1901 7795 6485 9525 6455 1849 6042 6843 667
381 6754 1222 2823 6184 7275 7920 7102 8756 3860 7422 3258 1021 702
382 3333 7710 7336 3626 5130 6765 4112 4953 1051 4253 6430
383 7872 1377 5474 771 4804 3555 900 1250 8769 427 844 2033 1686
384 1472 4352 8578 9539 326 8716 12 2803 563 7413 7897 7130 9979
385 6273 1059 3462 7280 1886 9779 8531 9203 3062 5845 1267 9338 924 2142
386 1665 9210 6979 8677 7303 8744 2705 5106 7121 5750 2522 7708 767
387 7456 8289 6564 7686 5593 12 2994 9652 5812 213 2521 3132
388 6272 1989 2951 5768 1483 8524 9293 751 5169 7992 3862 7670 8376
389 3840 4165 1030 3912 7082 9676 8333 5969 3478 3640 7641 5882 5403 4511
390 8097 7938 3683 1705 9257 7054 2062 4018 9877 3007
391 4736 550 8393 8907 5740 7629 5805 9296 1427 1556 277
392 4000 228 5253 1833 9577 2094 9855 6607 9204 7509 6232 9658 9149 8830 8479
393 4832 5475 9993 2574 2640 274 3826 1046 440 9308 1087
394 9857 4679 5929 6480 3089 5073 9649 2932 6619 599 1560 8249 8730 2043 8190 9855
395 8768 1857 9560 2789 1195 562 6451 3348 2650 1654 4375 6872 1145 4954 859 2495
396 6240 6592 9410 2273 6341 9255 2963 7896 3804
397 8097 6690 5795 4201 9387 3341 2287 689 2493 8318
398 1 1250 5029 9190 7208 7435 8716 9805 7116 5680 6865 4667 2526
399 8160 6145 4736 9955 2532 1349 4899 8072 6187 7436 7279 4949 3672 5790
400 6081 7336 5993 9160 7344 8661 6806 4027 3356 7901
401 1412 3144 5357 2477 5005 6544 1072 981 470 8249 2300 9820
402 4896 3586 7423 5186 964 4648 9897 5993 3277 690 4338 5908 2453 7421 7775
403 4611 3973 1160 6986 6443 3242 4206 4687 7665 7254 246 6425 1786 155 925
404 1283 5412 4454 9577 6890 3405 9742 5647 6097 5364 3765 6777
405 289 6373 485 5799 8169 3659 7117 5714 2642 1947 5692 8351
406 6211 8611 5258 7050 7915 1678 1427 887 9496 125 3902
407 160 6497 2787 3270 8607 9836 5784 9037 2648 9369 9788 1279
408 1024 4259 3353 4331 9901 9499 3569 4531 9656 8697 7834 2779 8636 7998
409 9473 962 8388 2661 5799 3912 3145 9898 9036 4270 9264 7441 7093 633 4347
410 5601 995 2632 155 7629 3920 987 3420 3646 7903
411 6276 5096 6345 9965 3599 7599 3218 7891 4052 2487 3737 9531 2846
412 2817 4892 2758 1383 2473 5481 6797 7090 6136 984 5146 8924 5406
413 2455 4102 4266 972 8813 6261 2967 4126 318 4255
414 4224 5410 1506 3621 8876 45 7509 5398 822 9401 7771 7129
415 2016 9120 2020 1540 6438 9670 7921 627 7093 5654 280 4186 8893 1950
416 6531 2660 8419 2788 7716 8649 9776 9745 6774 9372
417 2342 9847 1064 842 8077 3247 5647 5205 4662 6647 3899 5821 2494
418 6980 6282 2775 1322 3799 9102 9836 4373 8695 253 7103
419 2273 194 4323 5324 9454 8111 9045 6902 3738 7768 8602
420 8154 5610 491 9997 9919 3029 6454 2650 6812 702 8703
421 6625 6562 5954 388 4546 9894 6948 9895 2086 2094 7568 4498 4053 8502
422 8674 1030 3532 2543 7313 2385 7925 2743 9210 8316 9727
423 8097 9412 356 1608 6313 1707 6412 3919 3664 8209 8664 9945 3962
424 8898 9000 2249 3691 3696 9041 5493 7255 1241 8316 7550
425 740 4068 7686 3498 3019 9759 3373 6419 1781 2648 3193 6845 8863
426 5891 8164 6725 9540 5703 3177 1853 3086 6063 6675 1652 8341 698 2651 1149 7931
427 4960 7236 9669 5482 5676 9101 4237 9390 8434 4019 7000 5337 9438
428 3875 2793 7438 3118 5902 9747 4662 1340 1278
429 9186 2054 9480 1416 5997 3085 2094 2576 5618 5046 9880 3485 5054
430 9633 3938 8632 7591 5994 4715 5676 8750 4847 6992 4270 9906 7831 3832 1727
431 4707 3039 6854 2214 1960 8489 4042 6987 8236 6568 6222 3862 1849 9113 9914 1887
432 9568 5474 3586 7370 8013 2751 4978 8946 3859 369 2198 5495 7576 3071
433 6785 9348 2701 9391 48 8083 5364 856 5881 7995 8859 6366
434 5795 4323 9931 6224 4272 4856 630 6326 6168 1914 9148
435 2915 6374 2953 393 1995 9936 4689 3762 5872 3895 889 1982 8063
436 6690 8612 5926 7462 6281 8171 2732 6227 8343 9784 9178 5087
437 1027 5669 261 9542 5416 7083 3788 6795 3441 3924 4183 183 8856 8125 2398
438 737 6590 389 8966 839 9694 329 4389 8996 4434 695 8698 699 4862
439 225 7777 9704 7368 8459 5101 7662 8208 976 7955 9302 1174 6106
440 8072 6152 715 2411 6925 7216 1873 1695 7155 3284 6901 276 7064 3544 1241 5178 735
441 8673 8705 323 393 5420 6542 7060 5301 822 1463 5369 2203 893 5145
442 5568 2305 5797 3653 237 3341 7886 5619 1908 8723 4375 8921 9279
443 4067 6724 6087 3720 6023 1337 2411 4969 109 1422 9908 3864 7545
444 1056 6497 2304 1158 9511 2502 8262 9542 5879 5972 4823 4539 6172
445 833 2849 3682 5030 1512 2856 4234 6795 6125 3534 7055 1842 2579 2836 499 1845
446 6177 8802 4132 5284 7686 2728 9752 9775 9016 7320 3321 3194 9467 7775
447 2337 5185 2435 9156 2628 9958 6243 109 2958 271 7280 3218 2069
448 1344 6884 552 5835 3692 1839 2096 5647 7602 1845 1590 7128 7161 9882 5246
449 992 2503 4969 3468 558 2846 590 879 2422 4249 3643 3710 3775
450 3520 1250 870 6183 7563 525 3153 5268 3829 6229 1975 5177 7485
451 9696 5409 5668 1894 8039 843 5647 8144 1424 2320 6837 3895 9534
452 2848 8481 8963 8164 4548 9705 2379 3181 5810 1651 6873 3679
453 4736 356 8489 9066 8362 3081 149 9881 8474 858 7071
454 3171 5635 6125 3599 1551 6383 8144 2577 4856 1370 8187 1276 9149
455 4352 7174 5671 8906 7722 2058 4526 5086 6134 694 3737 1565 3134 9023
456 6337 9636 4631 4453 3782 6569 7435 2039 3417 799
457 5795 5925 6694 5381 9578 1102 8815 5647 9265 7473 4505 3901
458 7522 4836 1788 4071 7623 2191 4244 277 3606 7063 443 5628 6974
459 4960 4896 9122 4519 9833 236 9939 2388 1621 4244 4568 1849 9659 5436 2173
460 160 8261 5927 968 2351 6353 5887 7317 6393 4639
461 5381 8614 5853 2601 9673 6046 9496 4441 8346 1757 3326
462 7360 7367 9259 2862 9778 4658 9684 9685 2260 6294 6488 6675 7578 8220
463 3 4675 4900 995 3175 201 6954 8042 5642 1136 3060 4504
464 5861 1055 4432 1749 7671 9496 5113 6236 4447
465 3746 7974 5672 8458 6475 6766 691 4180 795 6076 4413 7327
466 9313 4581 1574 1002 7627 9137 4627 6228 6712 3167
467 1921 2563 1733 1064 1960 1847 1615 6577 2742 7702 8984 7321 9306 6171
468 7075 6149 7814 5575 5413 137 3015 9133 9823 724 2934 9562 9595 6207 2399
469 1347 7882 2412 7692 5517 1790 6257 4471 9048 3128 7838 5151
470 2912 795 8706 2819 5579 5068 7246 7636 7796 2389 9275 5630
471 9312 9505 8386 356 9542 8846 9743 1332 7927 1241 6332 5533
472 2753 4648 4714 4043 7864 1874 7765 9015 8024 4857 2461 1951
473 3460 456 2542 2351 2064 1522 4530 8056 8953 2522 4380 2878
474 1954 5316 806 9064 4201 1994 7913 3627 590 4718 7985 2899 6645 1367 5529 8955
475 909 2800 1201 3031 8758 790 8187 4732 1629 8894 8703
476 454 5737 9420 7387 4347 4849 4724 8373 3350 9559 981 4405 8059 9791
477 6498 7395 4389 4039 5321 6089 6505 6795 143 720 5552 5072 883 2932 1494 4408
478 7585 6308 8743 1448 3402 6956 8913 4819 1940 7351 7388
479 352 4608 96 4352 2244 3271 6953 5387 1387 2795 9102 3024 9393 6737 9655 6138 9150
480 704 5957 2406 9831 3593 6058 1642 8379 8815 6225 5340 3573 822 1307 1468 6206
481 6528 7682 5314 6820 3235 4614 6503 5321 525 6798 4883 3958 1047 3513
482 9537 2849 3813 4441 7913 7403 3340 505 2997 1973 3415 8537 1724 2911
483 449 5543 5000 5354 944 9938 9046 4889 3130
484 7680 8224 7683 7748 1130 1588 4407 5431 4477 1886 6751
485 7680 4896 3107 5028 9096 9132 5676 270 5330 3610 732
486 1250 7875 5667 7429 6694 4007 1608 8454 1241 4914 8889 6549 2422 8056 4153
487 4257 2979 5731 9161 6860 4974 6833 3794 9842 3640 5244
488 3488 1948 8048 273 402 1171 372 6070 5014 5692 8477 7999
489 7008 9634 8260 5606 4454 7435 5427 2516 5620 1658 5115
490 2659 1957 2696 1802 399 8591 6291 7606 5816 6873 1914 1339 668
491 8709 8261 552 9163 5581 5203 7220 1268 8949 886 3675 3615
492 8929 9604 6795 6092 1613 4046 3152 3793 2644 726 8632 2940
493 7639 5987 7236 4262 4582 3144 3627 7693 8882 691 8693 791 2648 6491
494 3200 96 2981 8966 9833 6926 9812 6550 8024 7929 6876 4958
495 3360 3392 4354 9219 8485 7910 9991 6666 1579 9791 1169 8530 8115 8796 2526 2943
496 9216 8097 8229 838 39 7529 7566 8977 3101 6132 9721 3805 767
497 4352 4098 9222 5450 8874 2442 9361 2002 7090 7572 5397 9846 695 7192 56
498 4864 6754 5123 7268 2792 5481 4302 5744 3282 6612 8822 1624
499 7715 3748 6574 3439 4113 9203 3251 2485 1655 2264 793 7263
